1	0.017543859649122806	1.0
2	0.03508771929824561	1.0
3	0.03508771929824561	0.6666666666666666
4	0.05263157894736842	0.75
5	0.07017543859649122	0.8
6	0.08771929824561403	0.8333333333333334
7	0.08771929824561403	0.7142857142857143
8	0.08771929824561403	0.625
9	0.08771929824561403	0.5555555555555556
10	0.08771929824561403	0.5
11	0.08771929824561403	0.45454545454545453
12	0.08771929824561403	0.4166666666666667
13	0.08771929824561403	0.38461538461538464
14	0.08771929824561403	0.35714285714285715
15	0.10526315789473684	0.4
