1	0.02631578947368421	1.0
2	0.02631578947368421	0.5
3	0.02631578947368421	0.3333333333333333
4	0.02631578947368421	0.25
5	0.02631578947368421	0.2
6	0.05263157894736842	0.3333333333333333
7	0.07894736842105263	0.42857142857142855
8	0.07894736842105263	0.375
9	0.07894736842105263	0.3333333333333333
10	0.07894736842105263	0.3
11	0.10526315789473684	0.36363636363636365
12	0.10526315789473684	0.3333333333333333
13	0.10526315789473684	0.3076923076923077
14	0.10526315789473684	0.2857142857142857
15	0.10526315789473684	0.26666666666666666
