1	0.07142857142857142	1.0
2	0.07142857142857142	0.5
3	0.07142857142857142	0.3333333333333333
4	0.07142857142857142	0.25
5	0.14285714285714285	0.4
6	0.21428571428571427	0.5
7	0.21428571428571427	0.42857142857142855
8	0.21428571428571427	0.375
9	0.21428571428571427	0.3333333333333333
10	0.21428571428571427	0.3
11	0.2857142857142857	0.36363636363636365
12	0.35714285714285715	0.4166666666666667
13	0.42857142857142855	0.46153846153846156
14	0.42857142857142855	0.42857142857142855
15	0.42857142857142855	0.4
