1	0.03333333333333333	1.0
2	0.03333333333333333	0.5
3	0.03333333333333333	0.3333333333333333
4	0.06666666666666667	0.5
5	0.06666666666666667	0.4
6	0.06666666666666667	0.3333333333333333
7	0.06666666666666667	0.2857142857142857
8	0.06666666666666667	0.25
9	0.06666666666666667	0.2222222222222222
10	0.1	0.3
11	0.1	0.2727272727272727
12	0.13333333333333333	0.3333333333333333
13	0.16666666666666666	0.38461538461538464
14	0.16666666666666666	0.35714285714285715
15	0.16666666666666666	0.3333333333333333
