1	0.0	0.0
2	0.0	0.0
3	0.0	0.0
4	0.0	0.0
5	0.0	0.0
6	0.02564102564102564	0.16666666666666666
7	0.02564102564102564	0.14285714285714285
8	0.02564102564102564	0.125
9	0.02564102564102564	0.1111111111111111
10	0.02564102564102564	0.1
11	0.02564102564102564	0.09090909090909091
12	0.02564102564102564	0.08333333333333333
13	0.02564102564102564	0.07692307692307693
14	0.02564102564102564	0.07142857142857142
15	0.02564102564102564	0.06666666666666667
16	0.02564102564102564	0.0625
17	0.05128205128205128	0.11764705882352941
18	0.05128205128205128	0.1111111111111111
19	0.05128205128205128	0.10526315789473684
20	0.05128205128205128	0.1
21	0.05128205128205128	0.09523809523809523
22	0.05128205128205128	0.09090909090909091
23	0.05128205128205128	0.08695652173913043
24	0.05128205128205128	0.08333333333333333
25	0.07692307692307693	0.12
