1	0.1111111111111111	1.0
2	0.1111111111111111	0.5
3	0.1111111111111111	0.3333333333333333
4	0.1111111111111111	0.25
5	0.1111111111111111	0.2
6	0.1111111111111111	0.16666666666666666
7	0.1111111111111111	0.14285714285714285
8	0.1111111111111111	0.125
9	0.1111111111111111	0.1111111111111111
10	0.2222222222222222	0.2
11	0.2222222222222222	0.18181818181818182
12	0.3333333333333333	0.25
13	0.3333333333333333	0.23076923076923078
14	0.4444444444444444	0.2857142857142857
15	0.4444444444444444	0.26666666666666666
16	0.4444444444444444	0.25
17	0.4444444444444444	0.23529411764705882
18	0.4444444444444444	0.2222222222222222
19	0.4444444444444444	0.21052631578947367
20	0.5555555555555556	0.25
21	0.5555555555555556	0.23809523809523808
22	0.5555555555555556	0.22727272727272727
23	0.5555555555555556	0.21739130434782608
24	0.6666666666666666	0.25
25	0.6666666666666666	0.24
