1	0.02857142857142857	1.0
2	0.05714285714285714	1.0
3	0.05714285714285714	0.6666666666666666
4	0.05714285714285714	0.5
5	0.05714285714285714	0.4
6	0.05714285714285714	0.3333333333333333
7	0.05714285714285714	0.2857142857142857
8	0.08571428571428572	0.375
9	0.08571428571428572	0.3333333333333333
10	0.08571428571428572	0.3
11	0.08571428571428572	0.2727272727272727
12	0.08571428571428572	0.25
13	0.08571428571428572	0.23076923076923078
14	0.11428571428571428	0.2857142857142857
15	0.11428571428571428	0.26666666666666666
