1	0.045454545454545456	1.0
2	0.045454545454545456	0.5
3	0.09090909090909091	0.6666666666666666
4	0.09090909090909091	0.5
5	0.09090909090909091	0.4
6	0.13636363636363635	0.5
7	0.18181818181818182	0.5714285714285714
8	0.22727272727272727	0.625
9	0.22727272727272727	0.5555555555555556
10	0.22727272727272727	0.5
11	0.22727272727272727	0.45454545454545453
12	0.22727272727272727	0.4166666666666667
13	0.22727272727272727	0.38461538461538464
14	0.22727272727272727	0.35714285714285715
15	0.22727272727272727	0.3333333333333333
