1	0.029411764705882353	1.0
2	0.058823529411764705	1.0
3	0.058823529411764705	0.6666666666666666
4	0.058823529411764705	0.5
5	0.058823529411764705	0.4
6	0.08823529411764706	0.5
7	0.11764705882352941	0.5714285714285714
8	0.11764705882352941	0.5
9	0.11764705882352941	0.4444444444444444
10	0.11764705882352941	0.4
11	0.11764705882352941	0.36363636363636365
12	0.11764705882352941	0.3333333333333333
13	0.11764705882352941	0.3076923076923077
14	0.11764705882352941	0.2857142857142857
15	0.11764705882352941	0.26666666666666666
