1	0.09090909090909091	1.0
2	0.18181818181818182	1.0
3	0.2727272727272727	1.0
4	0.36363636363636365	1.0
5	0.36363636363636365	0.8
6	0.36363636363636365	0.6666666666666666
7	0.36363636363636365	0.5714285714285714
8	0.36363636363636365	0.5
9	0.36363636363636365	0.4444444444444444
10	0.36363636363636365	0.4
11	0.36363636363636365	0.36363636363636365
12	0.36363636363636365	0.3333333333333333
13	0.36363636363636365	0.3076923076923077
14	0.36363636363636365	0.2857142857142857
15	0.36363636363636365	0.26666666666666666
