1	0.041666666666666664	1.0
2	0.08333333333333333	1.0
3	0.08333333333333333	0.6666666666666666
4	0.125	0.75
5	0.16666666666666666	0.8
6	0.20833333333333334	0.8333333333333334
7	0.20833333333333334	0.7142857142857143
8	0.20833333333333334	0.625
9	0.20833333333333334	0.5555555555555556
10	0.20833333333333334	0.5
11	0.20833333333333334	0.45454545454545453
12	0.20833333333333334	0.4166666666666667
13	0.20833333333333334	0.38461538461538464
14	0.20833333333333334	0.35714285714285715
15	0.20833333333333334	0.3333333333333333
