1	0.09090909090909091	1.0
2	0.09090909090909091	0.5
3	0.18181818181818182	0.6666666666666666
4	0.2727272727272727	0.75
5	0.36363636363636365	0.8
6	0.45454545454545453	0.8333333333333334
7	0.45454545454545453	0.7142857142857143
8	0.45454545454545453	0.625
9	0.45454545454545453	0.5555555555555556
10	0.45454545454545453	0.5
11	0.45454545454545453	0.45454545454545453
12	0.45454545454545453	0.4166666666666667
13	0.45454545454545453	0.38461538461538464
14	0.45454545454545453	0.35714285714285715
15	0.45454545454545453	0.3333333333333333
