1	0.043478260869565216	1.0
2	0.043478260869565216	0.5
3	0.043478260869565216	0.3333333333333333
4	0.043478260869565216	0.25
5	0.043478260869565216	0.2
6	0.043478260869565216	0.16666666666666666
7	0.043478260869565216	0.14285714285714285
8	0.043478260869565216	0.125
9	0.043478260869565216	0.1111111111111111
10	0.043478260869565216	0.1
11	0.08695652173913043	0.18181818181818182
12	0.08695652173913043	0.16666666666666666
13	0.08695652173913043	0.15384615384615385
14	0.08695652173913043	0.14285714285714285
15	0.08695652173913043	0.13333333333333333
