1	0.038461538461538464	1.0
2	0.07692307692307693	1.0
3	0.07692307692307693	0.6666666666666666
4	0.07692307692307693	0.5
5	0.07692307692307693	0.4
6	0.07692307692307693	0.3333333333333333
7	0.11538461538461539	0.42857142857142855
8	0.11538461538461539	0.375
9	0.11538461538461539	0.3333333333333333
10	0.11538461538461539	0.3
11	0.11538461538461539	0.2727272727272727
12	0.11538461538461539	0.25
13	0.11538461538461539	0.23076923076923078
14	0.11538461538461539	0.21428571428571427
15	0.11538461538461539	0.2
