1	0.007194244604316547	1.0
2	0.014388489208633094	1.0
3	0.02158273381294964	1.0
4	0.02877697841726619	1.0
5	0.02877697841726619	0.8
6	0.03597122302158273	0.8333333333333334
7	0.04316546762589928	0.8571428571428571
8	0.050359712230215826	0.875
9	0.05755395683453238	0.8888888888888888
10	0.06474820143884892	0.9
11	0.07194244604316546	0.9090909090909091
12	0.07913669064748201	0.9166666666666666
13	0.08633093525179857	0.9230769230769231
14	0.09352517985611511	0.9285714285714286
15	0.10071942446043165	0.9333333333333333
