1	0.058823529411764705	1.0
2	0.058823529411764705	0.5
3	0.058823529411764705	0.3333333333333333
4	0.058823529411764705	0.25
5	0.058823529411764705	0.2
6	0.058823529411764705	0.16666666666666666
7	0.058823529411764705	0.14285714285714285
8	0.058823529411764705	0.125
9	0.11764705882352941	0.2222222222222222
10	0.17647058823529413	0.3
11	0.17647058823529413	0.2727272727272727
12	0.17647058823529413	0.25
13	0.17647058823529413	0.23076923076923078
14	0.17647058823529413	0.21428571428571427
15	0.17647058823529413	0.2
