1	0.0	0.0
2	0.03225806451612903	0.5
3	0.06451612903225806	0.6666666666666666
4	0.06451612903225806	0.5
5	0.06451612903225806	0.4
6	0.06451612903225806	0.3333333333333333
7	0.06451612903225806	0.2857142857142857
8	0.06451612903225806	0.25
9	0.06451612903225806	0.2222222222222222
10	0.06451612903225806	0.2
11	0.06451612903225806	0.18181818181818182
12	0.06451612903225806	0.16666666666666666
13	0.06451612903225806	0.15384615384615385
14	0.06451612903225806	0.14285714285714285
15	0.06451612903225806	0.13333333333333333
