1	0.024390243902439025	1.0
2	0.04878048780487805	1.0
3	0.07317073170731707	1.0
4	0.07317073170731707	0.75
5	0.0975609756097561	0.8
6	0.0975609756097561	0.6666666666666666
7	0.0975609756097561	0.5714285714285714
8	0.12195121951219512	0.625
9	0.14634146341463414	0.6666666666666666
10	0.17073170731707318	0.7
11	0.17073170731707318	0.6363636363636364
12	0.1951219512195122	0.6666666666666666
13	0.1951219512195122	0.6153846153846154
14	0.21951219512195122	0.6428571428571429
15	0.21951219512195122	0.6
