1	0.024390243902439025	1.0
2	0.024390243902439025	0.5
3	0.04878048780487805	0.6666666666666666
4	0.07317073170731707	0.75
5	0.07317073170731707	0.6
6	0.0975609756097561	0.6666666666666666
7	0.0975609756097561	0.5714285714285714
8	0.0975609756097561	0.5
9	0.12195121951219512	0.5555555555555556
10	0.12195121951219512	0.5
11	0.12195121951219512	0.45454545454545453
12	0.12195121951219512	0.4166666666666667
13	0.12195121951219512	0.38461538461538464
14	0.12195121951219512	0.35714285714285715
15	0.12195121951219512	0.3333333333333333
