1	0.0	0.0
2	0.02702702702702703	0.5
3	0.05405405405405406	0.6666666666666666
4	0.05405405405405406	0.5
5	0.05405405405405406	0.4
6	0.05405405405405406	0.3333333333333333
7	0.08108108108108109	0.42857142857142855
8	0.10810810810810811	0.5
9	0.13513513513513514	0.5555555555555556
10	0.13513513513513514	0.5
11	0.16216216216216217	0.5454545454545454
12	0.16216216216216217	0.5
13	0.16216216216216217	0.46153846153846156
14	0.16216216216216217	0.42857142857142855
15	0.1891891891891892	0.4666666666666667
