1	0.3333333333333333	1.0
2	0.3333333333333333	0.5
3	0.3333333333333333	0.3333333333333333
4	0.3333333333333333	0.25
5	0.3333333333333333	0.2
6	0.3333333333333333	0.16666666666666666
7	0.3333333333333333	0.14285714285714285
8	0.3333333333333333	0.125
9	0.3333333333333333	0.1111111111111111
10	0.3333333333333333	0.1
11	0.3333333333333333	0.09090909090909091
12	0.3333333333333333	0.08333333333333333
13	0.3333333333333333	0.07692307692307693
14	0.6666666666666666	0.14285714285714285
15	1.0	0.2
16	1.0	0.1875
17	1.0	0.17647058823529413
18	1.0	0.16666666666666666
19	1.0	0.15789473684210525
20	1.0	0.15
21	1.0	0.14285714285714285
22	1.0	0.13636363636363635
23	1.0	0.13043478260869565
24	1.0	0.125
25	1.0	0.12
