1	0.1111111111111111	1.0
2	0.1111111111111111	0.5
3	0.1111111111111111	0.3333333333333333
4	0.1111111111111111	0.25
5	0.2222222222222222	0.4
6	0.2222222222222222	0.3333333333333333
7	0.3333333333333333	0.42857142857142855
8	0.3333333333333333	0.375
9	0.3333333333333333	0.3333333333333333
10	0.3333333333333333	0.3
11	0.3333333333333333	0.2727272727272727
12	0.3333333333333333	0.25
13	0.3333333333333333	0.23076923076923078
14	0.3333333333333333	0.21428571428571427
15	0.3333333333333333	0.2
16	0.3333333333333333	0.1875
17	0.3333333333333333	0.17647058823529413
18	0.3333333333333333	0.16666666666666666
19	0.3333333333333333	0.15789473684210525
20	0.4444444444444444	0.2
21	0.5555555555555556	0.23809523809523808
22	0.5555555555555556	0.22727272727272727
23	0.5555555555555556	0.21739130434782608
24	0.5555555555555556	0.20833333333333334
25	0.6666666666666666	0.24
