1	0.006944444444444444	1.0
2	0.013888888888888888	1.0
3	0.013888888888888888	0.6666666666666666
4	0.013888888888888888	0.5
5	0.020833333333333332	0.6
6	0.027777777777777776	0.6666666666666666
7	0.027777777777777776	0.5714285714285714
8	0.027777777777777776	0.5
9	0.027777777777777776	0.4444444444444444
10	0.034722222222222224	0.5
11	0.034722222222222224	0.45454545454545453
12	0.041666666666666664	0.5
13	0.041666666666666664	0.46153846153846156
14	0.041666666666666664	0.42857142857142855
15	0.041666666666666664	0.4
16	0.041666666666666664	0.375
17	0.041666666666666664	0.35294117647058826
18	0.041666666666666664	0.3333333333333333
19	0.041666666666666664	0.3157894736842105
20	0.04861111111111111	0.35
21	0.04861111111111111	0.3333333333333333
22	0.05555555555555555	0.36363636363636365
23	0.0625	0.391304347826087
24	0.06944444444444445	0.4166666666666667
25	0.06944444444444445	0.4
