1	0.030303030303030304	1.0
2	0.06060606060606061	1.0
3	0.06060606060606061	0.6666666666666666
4	0.06060606060606061	0.5
5	0.06060606060606061	0.4
6	0.06060606060606061	0.3333333333333333
7	0.06060606060606061	0.2857142857142857
8	0.06060606060606061	0.25
9	0.06060606060606061	0.2222222222222222
10	0.06060606060606061	0.2
11	0.09090909090909091	0.2727272727272727
12	0.09090909090909091	0.25
13	0.12121212121212122	0.3076923076923077
14	0.15151515151515152	0.35714285714285715
15	0.15151515151515152	0.3333333333333333
16	0.15151515151515152	0.3125
17	0.15151515151515152	0.29411764705882354
18	0.18181818181818182	0.3333333333333333
19	0.21212121212121213	0.3684210526315789
20	0.21212121212121213	0.35
21	0.21212121212121213	0.3333333333333333
22	0.24242424242424243	0.36363636363636365
23	0.24242424242424243	0.34782608695652173
24	0.24242424242424243	0.3333333333333333
25	0.24242424242424243	0.32
