1	0.0	0.0
2	0.14285714285714285	0.5
3	0.14285714285714285	0.3333333333333333
4	0.14285714285714285	0.25
5	0.14285714285714285	0.2
6	0.14285714285714285	0.16666666666666666
7	0.14285714285714285	0.14285714285714285
8	0.2857142857142857	0.25
9	0.2857142857142857	0.2222222222222222
10	0.42857142857142855	0.3
11	0.42857142857142855	0.2727272727272727
12	0.42857142857142855	0.25
13	0.42857142857142855	0.23076923076923078
14	0.42857142857142855	0.21428571428571427
15	0.42857142857142855	0.2
16	0.42857142857142855	0.1875
17	0.42857142857142855	0.17647058823529413
18	0.42857142857142855	0.16666666666666666
19	0.42857142857142855	0.15789473684210525
20	0.42857142857142855	0.15
21	0.5714285714285714	0.19047619047619047
22	0.5714285714285714	0.18181818181818182
23	0.5714285714285714	0.17391304347826086
24	0.5714285714285714	0.16666666666666666
25	0.5714285714285714	0.16
