1	0.06666666666666667	1.0
2	0.06666666666666667	0.5
3	0.06666666666666667	0.3333333333333333
4	0.06666666666666667	0.25
5	0.06666666666666667	0.2
6	0.13333333333333333	0.3333333333333333
7	0.13333333333333333	0.2857142857142857
8	0.13333333333333333	0.25
9	0.2	0.3333333333333333
10	0.26666666666666666	0.4
11	0.26666666666666666	0.36363636363636365
12	0.26666666666666666	0.3333333333333333
13	0.26666666666666666	0.3076923076923077
14	0.26666666666666666	0.2857142857142857
15	0.3333333333333333	0.3333333333333333
16	0.3333333333333333	0.3125
17	0.4	0.35294117647058826
18	0.4	0.3333333333333333
19	0.4	0.3157894736842105
20	0.4	0.3
21	0.4	0.2857142857142857
22	0.4666666666666667	0.3181818181818182
23	0.4666666666666667	0.30434782608695654
24	0.4666666666666667	0.2916666666666667
25	0.4666666666666667	0.28
