1	0.007407407407407408	1.0
2	0.014814814814814815	1.0
3	0.022222222222222223	1.0
4	0.022222222222222223	0.75
5	0.02962962962962963	0.8
6	0.02962962962962963	0.6666666666666666
7	0.02962962962962963	0.5714285714285714
8	0.02962962962962963	0.5
9	0.02962962962962963	0.4444444444444444
10	0.02962962962962963	0.4
11	0.02962962962962963	0.36363636363636365
12	0.02962962962962963	0.3333333333333333
13	0.037037037037037035	0.38461538461538464
14	0.037037037037037035	0.35714285714285715
15	0.037037037037037035	0.3333333333333333
16	0.037037037037037035	0.3125
17	0.037037037037037035	0.29411764705882354
18	0.044444444444444446	0.3333333333333333
19	0.044444444444444446	0.3157894736842105
20	0.044444444444444446	0.3
21	0.05185185185185185	0.3333333333333333
22	0.05925925925925926	0.36363636363636365
23	0.05925925925925926	0.34782608695652173
24	0.06666666666666667	0.375
25	0.06666666666666667	0.36
