1	0.03125	1.0
2	0.0625	1.0
3	0.09375	1.0
4	0.09375	0.75
5	0.09375	0.6
6	0.125	0.6666666666666666
7	0.125	0.5714285714285714
8	0.125	0.5
9	0.125	0.4444444444444444
10	0.15625	0.5
11	0.15625	0.45454545454545453
12	0.1875	0.5
13	0.1875	0.46153846153846156
14	0.21875	0.5
15	0.25	0.5333333333333333
16	0.25	0.5
17	0.25	0.47058823529411764
18	0.28125	0.5
19	0.28125	0.47368421052631576
20	0.28125	0.45
21	0.28125	0.42857142857142855
22	0.28125	0.4090909090909091
23	0.28125	0.391304347826087
24	0.28125	0.375
25	0.28125	0.36
