1	0.1111111111111111	1.0
2	0.2222222222222222	1.0
3	0.2222222222222222	0.6666666666666666
4	0.2222222222222222	0.5
5	0.2222222222222222	0.4
6	0.2222222222222222	0.3333333333333333
7	0.2222222222222222	0.2857142857142857
8	0.3333333333333333	0.375
9	0.4444444444444444	0.4444444444444444
10	0.5555555555555556	0.5
11	0.5555555555555556	0.45454545454545453
12	0.5555555555555556	0.4166666666666667
13	0.5555555555555556	0.38461538461538464
14	0.6666666666666666	0.42857142857142855
15	0.6666666666666666	0.4
16	0.6666666666666666	0.375
17	0.6666666666666666	0.35294117647058826
18	0.6666666666666666	0.3333333333333333
19	0.6666666666666666	0.3157894736842105
20	0.6666666666666666	0.3
21	0.7777777777777778	0.3333333333333333
22	0.7777777777777778	0.3181818181818182
23	0.7777777777777778	0.30434782608695654
24	0.7777777777777778	0.2916666666666667
25	0.7777777777777778	0.28
