1	0.09090909090909091	1.0
2	0.09090909090909091	0.5
3	0.09090909090909091	0.3333333333333333
4	0.18181818181818182	0.5
5	0.18181818181818182	0.4
6	0.2727272727272727	0.5
7	0.2727272727272727	0.42857142857142855
8	0.2727272727272727	0.375
9	0.2727272727272727	0.3333333333333333
10	0.2727272727272727	0.3
11	0.36363636363636365	0.36363636363636365
12	0.36363636363636365	0.3333333333333333
13	0.36363636363636365	0.3076923076923077
14	0.36363636363636365	0.2857142857142857
15	0.36363636363636365	0.26666666666666666
16	0.45454545454545453	0.3125
17	0.45454545454545453	0.29411764705882354
18	0.45454545454545453	0.2777777777777778
19	0.45454545454545453	0.2631578947368421
20	0.5454545454545454	0.3
21	0.5454545454545454	0.2857142857142857
22	0.5454545454545454	0.2727272727272727
23	0.6363636363636364	0.30434782608695654
24	0.7272727272727273	0.3333333333333333
25	0.7272727272727273	0.32
