1	0.012195121951219513	1.0
2	0.024390243902439025	1.0
3	0.036585365853658534	1.0
4	0.04878048780487805	1.0
5	0.04878048780487805	0.8
6	0.04878048780487805	0.6666666666666666
7	0.04878048780487805	0.5714285714285714
8	0.04878048780487805	0.5
9	0.04878048780487805	0.4444444444444444
10	0.06097560975609756	0.5
11	0.06097560975609756	0.45454545454545453
12	0.06097560975609756	0.4166666666666667
13	0.06097560975609756	0.38461538461538464
14	0.06097560975609756	0.35714285714285715
15	0.07317073170731707	0.4
16	0.07317073170731707	0.375
17	0.08536585365853659	0.4117647058823529
18	0.08536585365853659	0.3888888888888889
19	0.08536585365853659	0.3684210526315789
20	0.0975609756097561	0.4
21	0.10975609756097561	0.42857142857142855
22	0.10975609756097561	0.4090909090909091
23	0.10975609756097561	0.391304347826087
24	0.12195121951219512	0.4166666666666667
25	0.12195121951219512	0.4
