1	0.015873015873015872	1.0
2	0.031746031746031744	1.0
3	0.047619047619047616	1.0
4	0.06349206349206349	1.0
5	0.06349206349206349	0.8
6	0.06349206349206349	0.6666666666666666
7	0.06349206349206349	0.5714285714285714
8	0.06349206349206349	0.5
9	0.06349206349206349	0.4444444444444444
10	0.06349206349206349	0.4
11	0.06349206349206349	0.36363636363636365
12	0.06349206349206349	0.3333333333333333
13	0.06349206349206349	0.3076923076923077
14	0.06349206349206349	0.2857142857142857
15	0.06349206349206349	0.26666666666666666
16	0.07936507936507936	0.3125
17	0.07936507936507936	0.29411764705882354
18	0.07936507936507936	0.2777777777777778
19	0.09523809523809523	0.3157894736842105
20	0.1111111111111111	0.35
21	0.12698412698412698	0.38095238095238093
22	0.14285714285714285	0.4090909090909091
23	0.14285714285714285	0.391304347826087
24	0.14285714285714285	0.375
25	0.15873015873015872	0.4
