1	0.0	0.0
2	0.16666666666666666	0.5
3	0.16666666666666666	0.3333333333333333
4	0.16666666666666666	0.25
5	0.16666666666666666	0.2
6	0.16666666666666666	0.16666666666666666
7	0.3333333333333333	0.2857142857142857
8	0.3333333333333333	0.25
9	0.3333333333333333	0.2222222222222222
10	0.3333333333333333	0.2
11	0.3333333333333333	0.18181818181818182
12	0.5	0.25
13	0.5	0.23076923076923078
14	0.5	0.21428571428571427
15	0.5	0.2
16	0.5	0.1875
17	0.5	0.17647058823529413
18	0.5	0.16666666666666666
19	0.6666666666666666	0.21052631578947367
20	0.6666666666666666	0.2
21	0.6666666666666666	0.19047619047619047
22	0.6666666666666666	0.18181818181818182
23	0.6666666666666666	0.17391304347826086
24	0.6666666666666666	0.16666666666666666
25	0.6666666666666666	0.16
