1	0.0	0.0
2	0.09090909090909091	0.5
3	0.09090909090909091	0.3333333333333333
4	0.09090909090909091	0.25
5	0.09090909090909091	0.2
6	0.18181818181818182	0.3333333333333333
7	0.18181818181818182	0.2857142857142857
8	0.18181818181818182	0.25
9	0.18181818181818182	0.2222222222222222
10	0.18181818181818182	0.2
11	0.18181818181818182	0.18181818181818182
12	0.18181818181818182	0.16666666666666666
13	0.2727272727272727	0.23076923076923078
14	0.36363636363636365	0.2857142857142857
15	0.36363636363636365	0.26666666666666666
16	0.36363636363636365	0.25
17	0.36363636363636365	0.23529411764705882
18	0.45454545454545453	0.2777777777777778
19	0.45454545454545453	0.2631578947368421
20	0.5454545454545454	0.3
21	0.5454545454545454	0.2857142857142857
22	0.5454545454545454	0.2727272727272727
23	0.5454545454545454	0.2608695652173913
24	0.6363636363636364	0.2916666666666667
25	0.6363636363636364	0.28
