1	0.0	0.0
2	0.030303030303030304	0.5
3	0.06060606060606061	0.6666666666666666
4	0.06060606060606061	0.5
5	0.06060606060606061	0.4
6	0.09090909090909091	0.5
7	0.12121212121212122	0.5714285714285714
8	0.12121212121212122	0.5
9	0.15151515151515152	0.5555555555555556
10	0.18181818181818182	0.6
11	0.21212121212121213	0.6363636363636364
12	0.21212121212121213	0.5833333333333334
13	0.21212121212121213	0.5384615384615384
14	0.24242424242424243	0.5714285714285714
15	0.24242424242424243	0.5333333333333333
16	0.2727272727272727	0.5625
17	0.2727272727272727	0.5294117647058824
18	0.30303030303030304	0.5555555555555556
19	0.30303030303030304	0.5263157894736842
20	0.30303030303030304	0.5
21	0.30303030303030304	0.47619047619047616
22	0.30303030303030304	0.45454545454545453
23	0.3333333333333333	0.4782608695652174
24	0.3333333333333333	0.4583333333333333
25	0.3333333333333333	0.44
