1	0.05555555555555555	1.0
2	0.05555555555555555	0.5
3	0.05555555555555555	0.3333333333333333
4	0.05555555555555555	0.25
5	0.1111111111111111	0.4
6	0.16666666666666666	0.5
7	0.2222222222222222	0.5714285714285714
8	0.2777777777777778	0.625
9	0.2777777777777778	0.5555555555555556
10	0.2777777777777778	0.5
11	0.2777777777777778	0.45454545454545453
12	0.3333333333333333	0.5
13	0.3333333333333333	0.46153846153846156
14	0.3333333333333333	0.42857142857142855
15	0.3333333333333333	0.4
16	0.3333333333333333	0.375
17	0.3333333333333333	0.35294117647058826
18	0.3333333333333333	0.3333333333333333
19	0.3333333333333333	0.3157894736842105
20	0.3333333333333333	0.3
21	0.3333333333333333	0.2857142857142857
22	0.3333333333333333	0.2727272727272727
23	0.3888888888888889	0.30434782608695654
24	0.3888888888888889	0.2916666666666667
25	0.3888888888888889	0.28
