1	0.0	0.0
2	0.0	0.0
3	0.0	0.0
4	0.0	0.0
5	0.0	0.0
6	0.0	0.0
7	0.03225806451612903	0.14285714285714285
8	0.06451612903225806	0.25
9	0.06451612903225806	0.2222222222222222
10	0.06451612903225806	0.2
11	0.06451612903225806	0.18181818181818182
12	0.06451612903225806	0.16666666666666666
13	0.06451612903225806	0.15384615384615385
14	0.06451612903225806	0.14285714285714285
15	0.06451612903225806	0.13333333333333333
16	0.06451612903225806	0.125
17	0.0967741935483871	0.17647058823529413
18	0.12903225806451613	0.2222222222222222
19	0.12903225806451613	0.21052631578947367
20	0.12903225806451613	0.2
21	0.16129032258064516	0.23809523809523808
22	0.1935483870967742	0.2727272727272727
23	0.1935483870967742	0.2608695652173913
24	0.1935483870967742	0.25
25	0.1935483870967742	0.24
