1	0.009174311926605505	1.0
2	0.01834862385321101	1.0
3	0.01834862385321101	0.6666666666666666
4	0.027522935779816515	0.75
5	0.03669724770642202	0.8
6	0.03669724770642202	0.6666666666666666
7	0.03669724770642202	0.5714285714285714
8	0.03669724770642202	0.5
9	0.03669724770642202	0.4444444444444444
10	0.03669724770642202	0.4
11	0.045871559633027525	0.45454545454545453
12	0.045871559633027525	0.4166666666666667
13	0.05504587155963303	0.46153846153846156
14	0.05504587155963303	0.42857142857142855
15	0.06422018348623854	0.4666666666666667
16	0.07339449541284404	0.5
17	0.07339449541284404	0.47058823529411764
18	0.07339449541284404	0.4444444444444444
19	0.08256880733944955	0.47368421052631576
20	0.08256880733944955	0.45
21	0.09174311926605505	0.47619047619047616
22	0.09174311926605505	0.45454545454545453
23	0.09174311926605505	0.43478260869565216
24	0.09174311926605505	0.4166666666666667
25	0.09174311926605505	0.4
