1	0.0196078431372549	1.0
2	0.0392156862745098	1.0
3	0.0392156862745098	0.6666666666666666
4	0.0392156862745098	0.5
5	0.0392156862745098	0.4
6	0.0392156862745098	0.3333333333333333
7	0.0392156862745098	0.2857142857142857
8	0.058823529411764705	0.375
9	0.058823529411764705	0.3333333333333333
10	0.058823529411764705	0.3
11	0.058823529411764705	0.2727272727272727
12	0.058823529411764705	0.25
13	0.0784313725490196	0.3076923076923077
14	0.09803921568627451	0.35714285714285715
15	0.09803921568627451	0.3333333333333333
16	0.09803921568627451	0.3125
17	0.09803921568627451	0.29411764705882354
18	0.09803921568627451	0.2777777777777778
19	0.11764705882352941	0.3157894736842105
20	0.11764705882352941	0.3
21	0.11764705882352941	0.2857142857142857
22	0.11764705882352941	0.2727272727272727
23	0.11764705882352941	0.2608695652173913
24	0.11764705882352941	0.25
25	0.13725490196078433	0.28
26	0.13725490196078433	0.2692307692307692
27	0.13725490196078433	0.25925925925925924
28	0.13725490196078433	0.25
29	0.13725490196078433	0.2413793103448276
30	0.1568627450980392	0.26666666666666666
