1	0.07692307692307693	1.0
2	0.07692307692307693	0.5
3	0.07692307692307693	0.3333333333333333
4	0.07692307692307693	0.25
5	0.07692307692307693	0.2
6	0.07692307692307693	0.16666666666666666
7	0.07692307692307693	0.14285714285714285
8	0.15384615384615385	0.25
9	0.15384615384615385	0.2222222222222222
10	0.15384615384615385	0.2
11	0.15384615384615385	0.18181818181818182
12	0.15384615384615385	0.16666666666666666
13	0.23076923076923078	0.23076923076923078
14	0.23076923076923078	0.21428571428571427
15	0.23076923076923078	0.2
16	0.3076923076923077	0.25
17	0.3076923076923077	0.23529411764705882
18	0.3076923076923077	0.2222222222222222
19	0.3076923076923077	0.21052631578947367
20	0.3076923076923077	0.2
21	0.3076923076923077	0.19047619047619047
22	0.3076923076923077	0.18181818181818182
23	0.38461538461538464	0.21739130434782608
24	0.38461538461538464	0.20833333333333334
25	0.38461538461538464	0.2
26	0.46153846153846156	0.23076923076923078
27	0.46153846153846156	0.2222222222222222
28	0.46153846153846156	0.21428571428571427
29	0.46153846153846156	0.20689655172413793
30	0.46153846153846156	0.2
