1	0.0	0.0
2	0.0	0.0
3	0.0	0.0
4	0.0	0.0
5	0.0	0.0
6	0.0	0.0
7	0.0	0.0
8	0.021739130434782608	0.125
9	0.021739130434782608	0.1111111111111111
10	0.021739130434782608	0.1
11	0.021739130434782608	0.09090909090909091
12	0.043478260869565216	0.16666666666666666
13	0.043478260869565216	0.15384615384615385
14	0.043478260869565216	0.14285714285714285
15	0.043478260869565216	0.13333333333333333
16	0.043478260869565216	0.125
17	0.043478260869565216	0.11764705882352941
18	0.06521739130434782	0.16666666666666666
19	0.06521739130434782	0.15789473684210525
20	0.06521739130434782	0.15
21	0.06521739130434782	0.14285714285714285
22	0.06521739130434782	0.13636363636363635
23	0.06521739130434782	0.13043478260869565
24	0.06521739130434782	0.125
25	0.06521739130434782	0.12
26	0.06521739130434782	0.11538461538461539
27	0.06521739130434782	0.1111111111111111
28	0.06521739130434782	0.10714285714285714
29	0.08695652173913043	0.13793103448275862
30	0.08695652173913043	0.13333333333333333
