1	0.07142857142857142	1.0
2	0.14285714285714285	1.0
3	0.14285714285714285	0.6666666666666666
4	0.21428571428571427	0.75
5	0.21428571428571427	0.6
6	0.21428571428571427	0.5
7	0.21428571428571427	0.42857142857142855
8	0.2857142857142857	0.5
9	0.35714285714285715	0.5555555555555556
10	0.35714285714285715	0.5
11	0.35714285714285715	0.45454545454545453
12	0.42857142857142855	0.5
13	0.5	0.5384615384615384
14	0.5	0.5
15	0.5	0.4666666666666667
16	0.5714285714285714	0.5
17	0.5714285714285714	0.47058823529411764
18	0.5714285714285714	0.4444444444444444
19	0.6428571428571429	0.47368421052631576
20	0.7142857142857143	0.5
21	0.7142857142857143	0.47619047619047616
22	0.7142857142857143	0.45454545454545453
23	0.7142857142857143	0.43478260869565216
24	0.7142857142857143	0.4166666666666667
25	0.7142857142857143	0.4
26	0.7142857142857143	0.38461538461538464
27	0.7142857142857143	0.37037037037037035
28	0.7142857142857143	0.35714285714285715
29	0.7142857142857143	0.3448275862068966
30	0.7142857142857143	0.3333333333333333
