1	0.07142857142857142	1.0
2	0.14285714285714285	1.0
3	0.21428571428571427	1.0
4	0.21428571428571427	0.75
5	0.21428571428571427	0.6
6	0.21428571428571427	0.5
7	0.21428571428571427	0.42857142857142855
8	0.21428571428571427	0.375
9	0.21428571428571427	0.3333333333333333
10	0.21428571428571427	0.3
11	0.21428571428571427	0.2727272727272727
12	0.21428571428571427	0.25
13	0.2857142857142857	0.3076923076923077
14	0.2857142857142857	0.2857142857142857
15	0.2857142857142857	0.26666666666666666
16	0.2857142857142857	0.25
17	0.35714285714285715	0.29411764705882354
18	0.35714285714285715	0.2777777777777778
19	0.42857142857142855	0.3157894736842105
20	0.42857142857142855	0.3
21	0.42857142857142855	0.2857142857142857
22	0.5	0.3181818181818182
23	0.5	0.30434782608695654
24	0.5714285714285714	0.3333333333333333
25	0.5714285714285714	0.32
26	0.5714285714285714	0.3076923076923077
27	0.5714285714285714	0.2962962962962963
28	0.5714285714285714	0.2857142857142857
29	0.5714285714285714	0.27586206896551724
30	0.5714285714285714	0.26666666666666666
