1	0.0	0.0
2	0.03125	0.5
3	0.03125	0.3333333333333333
4	0.0625	0.5
5	0.09375	0.6
6	0.09375	0.5
7	0.09375	0.42857142857142855
8	0.09375	0.375
9	0.09375	0.3333333333333333
10	0.09375	0.3
11	0.09375	0.2727272727272727
12	0.09375	0.25
13	0.09375	0.23076923076923078
14	0.09375	0.21428571428571427
15	0.125	0.26666666666666666
16	0.125	0.25
17	0.15625	0.29411764705882354
18	0.15625	0.2777777777777778
19	0.15625	0.2631578947368421
20	0.15625	0.25
21	0.15625	0.23809523809523808
22	0.15625	0.22727272727272727
23	0.1875	0.2608695652173913
24	0.21875	0.2916666666666667
25	0.21875	0.28
26	0.21875	0.2692307692307692
27	0.25	0.2962962962962963
28	0.28125	0.32142857142857145
29	0.28125	0.3103448275862069
30	0.28125	0.3
