1	0.045454545454545456	1.0
2	0.045454545454545456	0.5
3	0.045454545454545456	0.3333333333333333
4	0.045454545454545456	0.25
5	0.045454545454545456	0.2
6	0.045454545454545456	0.16666666666666666
7	0.045454545454545456	0.14285714285714285
8	0.045454545454545456	0.125
9	0.045454545454545456	0.1111111111111111
10	0.09090909090909091	0.2
11	0.09090909090909091	0.18181818181818182
12	0.09090909090909091	0.16666666666666666
13	0.09090909090909091	0.15384615384615385
14	0.09090909090909091	0.14285714285714285
15	0.09090909090909091	0.13333333333333333
