1	0.05555555555555555	1.0
2	0.1111111111111111	1.0
3	0.1111111111111111	0.6666666666666666
4	0.1111111111111111	0.5
5	0.1111111111111111	0.4
6	0.1111111111111111	0.3333333333333333
7	0.1111111111111111	0.2857142857142857
8	0.1111111111111111	0.25
9	0.16666666666666666	0.3333333333333333
10	0.2222222222222222	0.4
11	0.2222222222222222	0.36363636363636365
12	0.2777777777777778	0.4166666666666667
13	0.2777777777777778	0.38461538461538464
14	0.2777777777777778	0.35714285714285715
15	0.2777777777777778	0.3333333333333333
