1	0.023809523809523808	1.0
2	0.047619047619047616	1.0
3	0.07142857142857142	1.0
4	0.07142857142857142	0.75
5	0.09523809523809523	0.8
6	0.11904761904761904	0.8333333333333334
7	0.14285714285714285	0.8571428571428571
8	0.14285714285714285	0.75
9	0.14285714285714285	0.6666666666666666
10	0.16666666666666666	0.7
11	0.16666666666666666	0.6363636363636364
12	0.16666666666666666	0.5833333333333334
13	0.16666666666666666	0.5384615384615384
14	0.16666666666666666	0.5
15	0.16666666666666666	0.4666666666666667
