1	0.014492753623188406	1.0
2	0.028985507246376812	1.0
3	0.028985507246376812	0.6666666666666666
4	0.028985507246376812	0.5
5	0.028985507246376812	0.4
6	0.028985507246376812	0.3333333333333333
7	0.028985507246376812	0.2857142857142857
8	0.028985507246376812	0.25
9	0.043478260869565216	0.3333333333333333
10	0.043478260869565216	0.3
11	0.043478260869565216	0.2727272727272727
12	0.043478260869565216	0.25
13	0.043478260869565216	0.23076923076923078
14	0.043478260869565216	0.21428571428571427
15	0.043478260869565216	0.2
