1	0.1111111111111111	1.0
2	0.2222222222222222	1.0
3	0.2222222222222222	0.6666666666666666
4	0.2222222222222222	0.5
5	0.2222222222222222	0.4
6	0.2222222222222222	0.3333333333333333
7	0.2222222222222222	0.2857142857142857
8	0.2222222222222222	0.25
9	0.2222222222222222	0.2222222222222222
10	0.2222222222222222	0.2
11	0.2222222222222222	0.18181818181818182
12	0.2222222222222222	0.16666666666666666
13	0.3333333333333333	0.23076923076923078
14	0.3333333333333333	0.21428571428571427
15	0.3333333333333333	0.2
