1	0.034482758620689655	1.0
2	0.06896551724137931	1.0
3	0.10344827586206896	1.0
4	0.13793103448275862	1.0
5	0.1724137931034483	1.0
6	0.1724137931034483	0.8333333333333334
7	0.20689655172413793	0.8571428571428571
8	0.2413793103448276	0.875
9	0.2413793103448276	0.7777777777777778
10	0.27586206896551724	0.8
11	0.27586206896551724	0.7272727272727273
12	0.27586206896551724	0.6666666666666666
13	0.3103448275862069	0.6923076923076923
14	0.3448275862068966	0.7142857142857143
15	0.3448275862068966	0.6666666666666666
