1	0.047619047619047616	1.0
2	0.09523809523809523	1.0
3	0.09523809523809523	0.6666666666666666
4	0.09523809523809523	0.5
5	0.14285714285714285	0.6
6	0.14285714285714285	0.5
7	0.14285714285714285	0.42857142857142855
8	0.19047619047619047	0.5
9	0.19047619047619047	0.4444444444444444
10	0.19047619047619047	0.4
11	0.23809523809523808	0.45454545454545453
12	0.23809523809523808	0.4166666666666667
13	0.23809523809523808	0.38461538461538464
14	0.23809523809523808	0.35714285714285715
15	0.23809523809523808	0.3333333333333333
