1	0.017543859649122806	1.0
2	0.03508771929824561	1.0
3	0.05263157894736842	1.0
4	0.05263157894736842	0.75
5	0.05263157894736842	0.6
6	0.05263157894736842	0.5
7	0.05263157894736842	0.42857142857142855
8	0.07017543859649122	0.5
9	0.07017543859649122	0.4444444444444444
10	0.07017543859649122	0.4
11	0.07017543859649122	0.36363636363636365
12	0.07017543859649122	0.3333333333333333
13	0.07017543859649122	0.3076923076923077
14	0.07017543859649122	0.2857142857142857
15	0.08771929824561403	0.3333333333333333
