1	0.018518518518518517	1.0
2	0.018518518518518517	0.5
3	0.037037037037037035	0.6666666666666666
4	0.037037037037037035	0.5
5	0.05555555555555555	0.6
6	0.07407407407407407	0.6666666666666666
7	0.07407407407407407	0.5714285714285714
8	0.07407407407407407	0.5
9	0.07407407407407407	0.4444444444444444
10	0.07407407407407407	0.4
11	0.07407407407407407	0.36363636363636365
12	0.07407407407407407	0.3333333333333333
13	0.07407407407407407	0.3076923076923077
14	0.09259259259259259	0.35714285714285715
15	0.09259259259259259	0.3333333333333333
