1	0.017543859649122806	1.0
2	0.03508771929824561	1.0
3	0.05263157894736842	1.0
4	0.05263157894736842	0.75
5	0.05263157894736842	0.6
6	0.05263157894736842	0.5
7	0.05263157894736842	0.42857142857142855
8	0.05263157894736842	0.375
9	0.05263157894736842	0.3333333333333333
10	0.05263157894736842	0.3
11	0.05263157894736842	0.2727272727272727
12	0.07017543859649122	0.3333333333333333
13	0.07017543859649122	0.3076923076923077
14	0.07017543859649122	0.2857142857142857
15	0.07017543859649122	0.26666666666666666
