1	0.024390243902439025	1.0
2	0.04878048780487805	1.0
3	0.07317073170731707	1.0
4	0.07317073170731707	0.75
5	0.07317073170731707	0.6
6	0.07317073170731707	0.5
7	0.07317073170731707	0.42857142857142855
8	0.07317073170731707	0.375
9	0.0975609756097561	0.4444444444444444
10	0.0975609756097561	0.4
11	0.0975609756097561	0.36363636363636365
12	0.0975609756097561	0.3333333333333333
13	0.0975609756097561	0.3076923076923077
14	0.0975609756097561	0.2857142857142857
15	0.0975609756097561	0.26666666666666666
