1	0.018867924528301886	1.0
2	0.018867924528301886	0.5
3	0.018867924528301886	0.3333333333333333
4	0.03773584905660377	0.5
5	0.03773584905660377	0.4
6	0.03773584905660377	0.3333333333333333
7	0.03773584905660377	0.2857142857142857
8	0.03773584905660377	0.25
9	0.05660377358490566	0.3333333333333333
10	0.07547169811320754	0.4
11	0.07547169811320754	0.36363636363636365
12	0.07547169811320754	0.3333333333333333
13	0.07547169811320754	0.3076923076923077
14	0.07547169811320754	0.2857142857142857
15	0.09433962264150944	0.3333333333333333
