1	0.08333333333333333	1.0
2	0.08333333333333333	0.5
3	0.16666666666666666	0.6666666666666666
4	0.16666666666666666	0.5
5	0.16666666666666666	0.4
6	0.16666666666666666	0.3333333333333333
7	0.16666666666666666	0.2857142857142857
8	0.16666666666666666	0.25
9	0.16666666666666666	0.2222222222222222
10	0.16666666666666666	0.2
11	0.16666666666666666	0.18181818181818182
12	0.16666666666666666	0.16666666666666666
13	0.16666666666666666	0.15384615384615385
14	0.16666666666666666	0.14285714285714285
15	0.16666666666666666	0.13333333333333333
