1	0.03225806451612903	1.0
2	0.03225806451612903	0.5
3	0.06451612903225806	0.6666666666666666
4	0.06451612903225806	0.5
5	0.06451612903225806	0.4
6	0.06451612903225806	0.3333333333333333
7	0.06451612903225806	0.2857142857142857
8	0.06451612903225806	0.25
9	0.06451612903225806	0.2222222222222222
10	0.0967741935483871	0.3
11	0.0967741935483871	0.2727272727272727
12	0.12903225806451613	0.3333333333333333
13	0.12903225806451613	0.3076923076923077
14	0.12903225806451613	0.2857142857142857
15	0.12903225806451613	0.26666666666666666
