1	0.029411764705882353	1.0
2	0.029411764705882353	0.5
3	0.029411764705882353	0.3333333333333333
4	0.029411764705882353	0.25
5	0.029411764705882353	0.2
6	0.029411764705882353	0.16666666666666666
7	0.029411764705882353	0.14285714285714285
8	0.029411764705882353	0.125
9	0.029411764705882353	0.1111111111111111
10	0.029411764705882353	0.1
11	0.029411764705882353	0.09090909090909091
12	0.058823529411764705	0.16666666666666666
13	0.058823529411764705	0.15384615384615385
14	0.058823529411764705	0.14285714285714285
15	0.058823529411764705	0.13333333333333333
