1	0.012195121951219513	1.0
2	0.024390243902439025	1.0
3	0.024390243902439025	0.6666666666666666
4	0.024390243902439025	0.5
5	0.036585365853658534	0.6
6	0.036585365853658534	0.5
7	0.04878048780487805	0.5714285714285714
8	0.04878048780487805	0.5
9	0.04878048780487805	0.4444444444444444
10	0.04878048780487805	0.4
11	0.06097560975609756	0.45454545454545453
12	0.06097560975609756	0.4166666666666667
13	0.06097560975609756	0.38461538461538464
14	0.07317073170731707	0.42857142857142855
15	0.07317073170731707	0.4
