1	0.058823529411764705	1.0
2	0.11764705882352941	1.0
3	0.11764705882352941	0.6666666666666666
4	0.17647058823529413	0.75
5	0.23529411764705882	0.8
6	0.23529411764705882	0.6666666666666666
7	0.23529411764705882	0.5714285714285714
8	0.29411764705882354	0.625
9	0.35294117647058826	0.6666666666666666
10	0.4117647058823529	0.7
11	0.4117647058823529	0.6363636363636364
12	0.4117647058823529	0.5833333333333334
13	0.4117647058823529	0.5384615384615384
14	0.4117647058823529	0.5
15	0.4117647058823529	0.4666666666666667
