1	0.0	0.0
2	0.007352941176470588	0.5
3	0.014705882352941176	0.6666666666666666
4	0.014705882352941176	0.5
5	0.014705882352941176	0.4
6	0.022058823529411766	0.5
7	0.022058823529411766	0.42857142857142855
8	0.029411764705882353	0.5
9	0.03676470588235294	0.5555555555555556
10	0.03676470588235294	0.5
11	0.03676470588235294	0.45454545454545453
12	0.03676470588235294	0.4166666666666667
13	0.03676470588235294	0.38461538461538464
14	0.03676470588235294	0.35714285714285715
15	0.03676470588235294	0.3333333333333333
