1	0.02040816326530612	1.0
2	0.04081632653061224	1.0
3	0.04081632653061224	0.6666666666666666
4	0.061224489795918366	0.75
5	0.08163265306122448	0.8
6	0.10204081632653061	0.8333333333333334
7	0.12244897959183673	0.8571428571428571
8	0.12244897959183673	0.75
9	0.14285714285714285	0.7777777777777778
10	0.14285714285714285	0.7
11	0.16326530612244897	0.7272727272727273
12	0.16326530612244897	0.6666666666666666
13	0.1836734693877551	0.6923076923076923
14	0.1836734693877551	0.6428571428571429
15	0.1836734693877551	0.6
