1	0.08333333333333333	1.0
2	0.08333333333333333	0.5
3	0.08333333333333333	0.3333333333333333
4	0.08333333333333333	0.25
5	0.08333333333333333	0.2
6	0.16666666666666666	0.3333333333333333
7	0.16666666666666666	0.2857142857142857
8	0.16666666666666666	0.25
9	0.16666666666666666	0.2222222222222222
10	0.16666666666666666	0.2
11	0.25	0.2727272727272727
12	0.3333333333333333	0.3333333333333333
13	0.3333333333333333	0.3076923076923077
14	0.3333333333333333	0.2857142857142857
15	0.3333333333333333	0.26666666666666666
