1	0.041666666666666664	1.0
2	0.08333333333333333	1.0
3	0.08333333333333333	0.6666666666666666
4	0.08333333333333333	0.5
5	0.08333333333333333	0.4
6	0.08333333333333333	0.3333333333333333
7	0.08333333333333333	0.2857142857142857
8	0.08333333333333333	0.25
9	0.08333333333333333	0.2222222222222222
10	0.08333333333333333	0.2
11	0.08333333333333333	0.18181818181818182
12	0.08333333333333333	0.16666666666666666
13	0.125	0.23076923076923078
14	0.16666666666666666	0.2857142857142857
15	0.16666666666666666	0.26666666666666666
