1	0.07692307692307693	1.0
2	0.07692307692307693	0.5
3	0.07692307692307693	0.3333333333333333
4	0.07692307692307693	0.25
5	0.15384615384615385	0.4
6	0.15384615384615385	0.3333333333333333
7	0.23076923076923078	0.42857142857142855
8	0.3076923076923077	0.5
9	0.3076923076923077	0.4444444444444444
10	0.38461538461538464	0.5
11	0.46153846153846156	0.5454545454545454
12	0.46153846153846156	0.5
13	0.46153846153846156	0.46153846153846156
14	0.46153846153846156	0.42857142857142855
15	0.46153846153846156	0.4
