1	0.1111111111111111	1.0
2	0.2222222222222222	1.0
3	0.2222222222222222	0.6666666666666666
4	0.2222222222222222	0.5
5	0.2222222222222222	0.4
6	0.2222222222222222	0.3333333333333333
7	0.2222222222222222	0.2857142857142857
8	0.3333333333333333	0.375
9	0.4444444444444444	0.4444444444444444
10	0.4444444444444444	0.4
11	0.4444444444444444	0.36363636363636365
12	0.4444444444444444	0.3333333333333333
13	0.4444444444444444	0.3076923076923077
14	0.4444444444444444	0.2857142857142857
15	0.4444444444444444	0.26666666666666666
