1	0.09090909090909091	1.0
2	0.09090909090909091	0.5
3	0.09090909090909091	0.3333333333333333
4	0.09090909090909091	0.25
5	0.18181818181818182	0.4
6	0.18181818181818182	0.3333333333333333
7	0.18181818181818182	0.2857142857142857
8	0.18181818181818182	0.25
9	0.2727272727272727	0.3333333333333333
10	0.2727272727272727	0.3
11	0.2727272727272727	0.2727272727272727
12	0.36363636363636365	0.3333333333333333
13	0.36363636363636365	0.3076923076923077
14	0.45454545454545453	0.35714285714285715
15	0.45454545454545453	0.3333333333333333
