1	0.07692307692307693	1.0
2	0.07692307692307693	0.5
3	0.15384615384615385	0.6666666666666666
4	0.15384615384615385	0.5
5	0.15384615384615385	0.4
6	0.15384615384615385	0.3333333333333333
7	0.15384615384615385	0.2857142857142857
8	0.15384615384615385	0.25
9	0.15384615384615385	0.2222222222222222
10	0.15384615384615385	0.2
11	0.15384615384615385	0.18181818181818182
12	0.15384615384615385	0.16666666666666666
13	0.15384615384615385	0.15384615384615385
14	0.23076923076923078	0.21428571428571427
15	0.23076923076923078	0.2
