1	0.0	0.0
2	0.038461538461538464	0.5
3	0.038461538461538464	0.3333333333333333
4	0.038461538461538464	0.25
5	0.07692307692307693	0.4
6	0.07692307692307693	0.3333333333333333
7	0.07692307692307693	0.2857142857142857
8	0.07692307692307693	0.25
9	0.07692307692307693	0.2222222222222222
10	0.11538461538461539	0.3
11	0.11538461538461539	0.2727272727272727
12	0.11538461538461539	0.25
13	0.15384615384615385	0.3076923076923077
14	0.15384615384615385	0.2857142857142857
15	0.15384615384615385	0.26666666666666666
