1	0.07692307692307693	1.0
2	0.07692307692307693	0.5
3	0.07692307692307693	0.3333333333333333
4	0.15384615384615385	0.5
5	0.15384615384615385	0.4
6	0.23076923076923078	0.5
7	0.23076923076923078	0.42857142857142855
8	0.3076923076923077	0.5
9	0.3076923076923077	0.4444444444444444
10	0.3076923076923077	0.4
11	0.3076923076923077	0.36363636363636365
12	0.3076923076923077	0.3333333333333333
13	0.3076923076923077	0.3076923076923077
14	0.3076923076923077	0.2857142857142857
15	0.3076923076923077	0.26666666666666666
