1	0.0	0.0
2	0.045454545454545456	0.5
3	0.045454545454545456	0.3333333333333333
4	0.045454545454545456	0.25
5	0.09090909090909091	0.4
6	0.13636363636363635	0.5
7	0.13636363636363635	0.42857142857142855
8	0.13636363636363635	0.375
9	0.13636363636363635	0.3333333333333333
10	0.13636363636363635	0.3
11	0.13636363636363635	0.2727272727272727
12	0.18181818181818182	0.3333333333333333
13	0.18181818181818182	0.3076923076923077
14	0.18181818181818182	0.2857142857142857
15	0.18181818181818182	0.26666666666666666
