1	0.030303030303030304	1.0
2	0.030303030303030304	0.5
3	0.030303030303030304	0.3333333333333333
4	0.030303030303030304	0.25
5	0.030303030303030304	0.2
6	0.06060606060606061	0.3333333333333333
7	0.09090909090909091	0.42857142857142855
8	0.09090909090909091	0.375
9	0.09090909090909091	0.3333333333333333
10	0.09090909090909091	0.3
11	0.12121212121212122	0.36363636363636365
12	0.12121212121212122	0.3333333333333333
13	0.12121212121212122	0.3076923076923077
14	0.12121212121212122	0.2857142857142857
15	0.12121212121212122	0.26666666666666666
