1	0.02857142857142857	1.0
2	0.05714285714285714	1.0
3	0.05714285714285714	0.6666666666666666
4	0.08571428571428572	0.75
5	0.08571428571428572	0.6
6	0.08571428571428572	0.5
7	0.08571428571428572	0.42857142857142855
8	0.11428571428571428	0.5
9	0.11428571428571428	0.4444444444444444
10	0.14285714285714285	0.5
11	0.14285714285714285	0.45454545454545453
12	0.17142857142857143	0.5
13	0.17142857142857143	0.46153846153846156
14	0.17142857142857143	0.42857142857142855
15	0.17142857142857143	0.4
16	0.17142857142857143	0.375
17	0.2	0.4117647058823529
18	0.22857142857142856	0.4444444444444444
19	0.22857142857142856	0.42105263157894735
20	0.22857142857142856	0.4
21	0.22857142857142856	0.38095238095238093
22	0.2571428571428571	0.4090909090909091
23	0.2857142857142857	0.43478260869565216
24	0.3142857142857143	0.4583333333333333
25	0.3142857142857143	0.44
