1	0.047619047619047616	1.0
2	0.09523809523809523	1.0
3	0.09523809523809523	0.6666666666666666
4	0.09523809523809523	0.5
5	0.09523809523809523	0.4
6	0.14285714285714285	0.5
7	0.14285714285714285	0.42857142857142855
8	0.14285714285714285	0.375
9	0.14285714285714285	0.3333333333333333
10	0.14285714285714285	0.3
11	0.14285714285714285	0.2727272727272727
12	0.14285714285714285	0.25
13	0.14285714285714285	0.23076923076923078
14	0.19047619047619047	0.2857142857142857
15	0.23809523809523808	0.3333333333333333
16	0.2857142857142857	0.375
17	0.2857142857142857	0.35294117647058826
18	0.2857142857142857	0.3333333333333333
19	0.2857142857142857	0.3157894736842105
20	0.2857142857142857	0.3
21	0.2857142857142857	0.2857142857142857
22	0.2857142857142857	0.2727272727272727
23	0.2857142857142857	0.2608695652173913
24	0.3333333333333333	0.2916666666666667
25	0.3333333333333333	0.28
