1	0.027777777777777776	1.0
2	0.027777777777777776	0.5
3	0.027777777777777776	0.3333333333333333
4	0.027777777777777776	0.25
5	0.027777777777777776	0.2
6	0.027777777777777776	0.16666666666666666
7	0.027777777777777776	0.14285714285714285
8	0.027777777777777776	0.125
9	0.027777777777777776	0.1111111111111111
10	0.027777777777777776	0.1
11	0.027777777777777776	0.09090909090909091
12	0.027777777777777776	0.08333333333333333
13	0.027777777777777776	0.07692307692307693
14	0.027777777777777776	0.07142857142857142
15	0.05555555555555555	0.13333333333333333
16	0.05555555555555555	0.125
17	0.05555555555555555	0.11764705882352941
18	0.05555555555555555	0.1111111111111111
19	0.05555555555555555	0.10526315789473684
20	0.05555555555555555	0.1
21	0.05555555555555555	0.09523809523809523
22	0.05555555555555555	0.09090909090909091
23	0.05555555555555555	0.08695652173913043
24	0.05555555555555555	0.08333333333333333
25	0.05555555555555555	0.08
