1	0.02040816326530612	1.0
2	0.04081632653061224	1.0
3	0.061224489795918366	1.0
4	0.061224489795918366	0.75
5	0.061224489795918366	0.6
6	0.061224489795918366	0.5
7	0.061224489795918366	0.42857142857142855
8	0.061224489795918366	0.375
9	0.061224489795918366	0.3333333333333333
10	0.061224489795918366	0.3
11	0.061224489795918366	0.2727272727272727
12	0.061224489795918366	0.25
13	0.061224489795918366	0.23076923076923078
14	0.061224489795918366	0.21428571428571427
15	0.08163265306122448	0.26666666666666666
