1	0.0	0.0
2	0.02564102564102564	0.5
3	0.05128205128205128	0.6666666666666666
4	0.05128205128205128	0.5
5	0.05128205128205128	0.4
6	0.05128205128205128	0.3333333333333333
7	0.05128205128205128	0.2857142857142857
8	0.07692307692307693	0.375
9	0.07692307692307693	0.3333333333333333
10	0.10256410256410256	0.4
11	0.1282051282051282	0.45454545454545453
12	0.1282051282051282	0.4166666666666667
13	0.1282051282051282	0.38461538461538464
14	0.15384615384615385	0.42857142857142855
15	0.1794871794871795	0.4666666666666667
