1	0.0	0.0
2	0.07692307692307693	0.5
3	0.15384615384615385	0.6666666666666666
4	0.15384615384615385	0.5
5	0.23076923076923078	0.6
6	0.3076923076923077	0.6666666666666666
7	0.38461538461538464	0.7142857142857143
8	0.38461538461538464	0.625
9	0.38461538461538464	0.5555555555555556
10	0.38461538461538464	0.5
11	0.38461538461538464	0.45454545454545453
12	0.38461538461538464	0.4166666666666667
13	0.38461538461538464	0.38461538461538464
14	0.38461538461538464	0.35714285714285715
15	0.38461538461538464	0.3333333333333333
