1	0.08333333333333333	1.0
2	0.08333333333333333	0.5
3	0.08333333333333333	0.3333333333333333
4	0.08333333333333333	0.25
5	0.08333333333333333	0.2
6	0.08333333333333333	0.16666666666666666
7	0.08333333333333333	0.14285714285714285
8	0.08333333333333333	0.125
9	0.08333333333333333	0.1111111111111111
10	0.16666666666666666	0.2
11	0.16666666666666666	0.18181818181818182
12	0.16666666666666666	0.16666666666666666
13	0.25	0.23076923076923078
14	0.25	0.21428571428571427
15	0.25	0.2
16	0.25	0.1875
17	0.25	0.17647058823529413
18	0.25	0.16666666666666666
19	0.25	0.15789473684210525
20	0.25	0.15
21	0.3333333333333333	0.19047619047619047
22	0.3333333333333333	0.18181818181818182
23	0.3333333333333333	0.17391304347826086
24	0.3333333333333333	0.16666666666666666
25	0.3333333333333333	0.16
