1	0.0	0.0
2	0.0	0.0
3	0.0	0.0
4	0.0	0.0
5	0.0	0.0
6	0.0	0.0
7	0.0	0.0
8	0.0	0.0
9	0.0	0.0
10	0.0	0.0
11	0.0	0.0
12	0.0	0.0
13	0.0	0.0
14	0.0	0.0
15	0.011627906976744186	0.06666666666666667
16	0.011627906976744186	0.0625
17	0.011627906976744186	0.058823529411764705
18	0.011627906976744186	0.05555555555555555
19	0.011627906976744186	0.05263157894736842
20	0.011627906976744186	0.05
21	0.011627906976744186	0.047619047619047616
22	0.011627906976744186	0.045454545454545456
23	0.011627906976744186	0.043478260869565216
24	0.011627906976744186	0.041666666666666664
25	0.023255813953488372	0.08
