1	0.034482758620689655	1.0
2	0.034482758620689655	0.5
3	0.034482758620689655	0.3333333333333333
4	0.034482758620689655	0.25
5	0.034482758620689655	0.2
6	0.034482758620689655	0.16666666666666666
7	0.034482758620689655	0.14285714285714285
8	0.034482758620689655	0.125
9	0.034482758620689655	0.1111111111111111
10	0.034482758620689655	0.1
11	0.034482758620689655	0.09090909090909091
12	0.034482758620689655	0.08333333333333333
13	0.034482758620689655	0.07692307692307693
14	0.06896551724137931	0.14285714285714285
15	0.10344827586206896	0.2
16	0.13793103448275862	0.25
17	0.1724137931034483	0.29411764705882354
18	0.1724137931034483	0.2777777777777778
19	0.1724137931034483	0.2631578947368421
20	0.20689655172413793	0.3
21	0.20689655172413793	0.2857142857142857
22	0.2413793103448276	0.3181818181818182
23	0.2413793103448276	0.30434782608695654
24	0.2413793103448276	0.2916666666666667
25	0.2413793103448276	0.28
