1	0.021739130434782608	1.0
2	0.043478260869565216	1.0
3	0.043478260869565216	0.6666666666666666
4	0.043478260869565216	0.5
5	0.043478260869565216	0.4
6	0.043478260869565216	0.3333333333333333
7	0.043478260869565216	0.2857142857142857
8	0.043478260869565216	0.25
9	0.043478260869565216	0.2222222222222222
10	0.043478260869565216	0.2
11	0.043478260869565216	0.18181818181818182
12	0.043478260869565216	0.16666666666666666
13	0.043478260869565216	0.15384615384615385
14	0.06521739130434782	0.21428571428571427
15	0.06521739130434782	0.2
16	0.08695652173913043	0.25
17	0.08695652173913043	0.23529411764705882
18	0.08695652173913043	0.2222222222222222
19	0.08695652173913043	0.21052631578947367
20	0.08695652173913043	0.2
21	0.08695652173913043	0.19047619047619047
22	0.08695652173913043	0.18181818181818182
23	0.08695652173913043	0.17391304347826086
24	0.08695652173913043	0.16666666666666666
25	0.10869565217391304	0.2
