1	0.02857142857142857	1.0
2	0.05714285714285714	1.0
3	0.08571428571428572	1.0
4	0.08571428571428572	0.75
5	0.08571428571428572	0.6
6	0.08571428571428572	0.5
7	0.08571428571428572	0.42857142857142855
8	0.11428571428571428	0.5
9	0.11428571428571428	0.4444444444444444
10	0.11428571428571428	0.4
11	0.11428571428571428	0.36363636363636365
12	0.14285714285714285	0.4166666666666667
13	0.17142857142857143	0.46153846153846156
14	0.2	0.5
15	0.2	0.4666666666666667
16	0.2	0.4375
17	0.2	0.4117647058823529
18	0.2	0.3888888888888889
19	0.2	0.3684210526315789
20	0.2	0.35
21	0.22857142857142856	0.38095238095238093
22	0.22857142857142856	0.36363636363636365
23	0.22857142857142856	0.34782608695652173
24	0.22857142857142856	0.3333333333333333
25	0.22857142857142856	0.32
