1	0.0	0.0
2	0.045454545454545456	0.5
3	0.09090909090909091	0.6666666666666666
4	0.09090909090909091	0.5
5	0.13636363636363635	0.6
6	0.13636363636363635	0.5
7	0.18181818181818182	0.5714285714285714
8	0.18181818181818182	0.5
9	0.22727272727272727	0.5555555555555556
10	0.22727272727272727	0.5
11	0.22727272727272727	0.45454545454545453
12	0.22727272727272727	0.4166666666666667
13	0.2727272727272727	0.46153846153846156
14	0.3181818181818182	0.5
15	0.3181818181818182	0.4666666666666667
16	0.3181818181818182	0.4375
17	0.36363636363636365	0.47058823529411764
18	0.36363636363636365	0.4444444444444444
19	0.36363636363636365	0.42105263157894735
20	0.36363636363636365	0.4
21	0.36363636363636365	0.38095238095238093
22	0.4090909090909091	0.4090909090909091
23	0.4090909090909091	0.391304347826087
24	0.4090909090909091	0.375
25	0.4090909090909091	0.36
