1	0.0	0.0
2	0.038461538461538464	0.5
3	0.07692307692307693	0.6666666666666666
4	0.07692307692307693	0.5
5	0.07692307692307693	0.4
6	0.11538461538461539	0.5
7	0.11538461538461539	0.42857142857142855
8	0.11538461538461539	0.375
9	0.11538461538461539	0.3333333333333333
10	0.11538461538461539	0.3
11	0.11538461538461539	0.2727272727272727
12	0.11538461538461539	0.25
13	0.15384615384615385	0.3076923076923077
14	0.15384615384615385	0.2857142857142857
15	0.19230769230769232	0.3333333333333333
16	0.23076923076923078	0.375
17	0.23076923076923078	0.35294117647058826
18	0.2692307692307692	0.3888888888888889
19	0.2692307692307692	0.3684210526315789
20	0.2692307692307692	0.35
21	0.2692307692307692	0.3333333333333333
22	0.2692307692307692	0.3181818181818182
23	0.3076923076923077	0.34782608695652173
24	0.3076923076923077	0.3333333333333333
25	0.3076923076923077	0.32
