1	0.014925373134328358	1.0
2	0.029850746268656716	1.0
3	0.04477611940298507	1.0
4	0.05970149253731343	1.0
5	0.05970149253731343	0.8
6	0.07462686567164178	0.8333333333333334
7	0.08955223880597014	0.8571428571428571
8	0.1044776119402985	0.875
9	0.11940298507462686	0.8888888888888888
10	0.13432835820895522	0.9
11	0.13432835820895522	0.8181818181818182
12	0.14925373134328357	0.8333333333333334
13	0.14925373134328357	0.7692307692307693
14	0.14925373134328357	0.7142857142857143
15	0.14925373134328357	0.6666666666666666
