1	0.0	0.0
2	0.02857142857142857	0.5
3	0.02857142857142857	0.3333333333333333
4	0.02857142857142857	0.25
5	0.05714285714285714	0.4
6	0.05714285714285714	0.3333333333333333
7	0.08571428571428572	0.42857142857142855
8	0.08571428571428572	0.375
9	0.08571428571428572	0.3333333333333333
10	0.11428571428571428	0.4
11	0.11428571428571428	0.36363636363636365
12	0.11428571428571428	0.3333333333333333
13	0.11428571428571428	0.3076923076923077
14	0.11428571428571428	0.2857142857142857
15	0.11428571428571428	0.26666666666666666
