1	0.021739130434782608	1.0
2	0.043478260869565216	1.0
3	0.043478260869565216	0.6666666666666666
4	0.06521739130434782	0.75
5	0.08695652173913043	0.8
6	0.08695652173913043	0.6666666666666666
7	0.08695652173913043	0.5714285714285714
8	0.08695652173913043	0.5
9	0.10869565217391304	0.5555555555555556
10	0.13043478260869565	0.6
11	0.13043478260869565	0.5454545454545454
12	0.13043478260869565	0.5
13	0.13043478260869565	0.46153846153846156
14	0.15217391304347827	0.5
15	0.17391304347826086	0.5333333333333333
