1	0.037037037037037035	1.0
2	0.07407407407407407	1.0
3	0.07407407407407407	0.6666666666666666
4	0.07407407407407407	0.5
5	0.07407407407407407	0.4
6	0.07407407407407407	0.3333333333333333
7	0.07407407407407407	0.2857142857142857
8	0.07407407407407407	0.25
9	0.07407407407407407	0.2222222222222222
10	0.1111111111111111	0.3
11	0.14814814814814814	0.36363636363636365
12	0.14814814814814814	0.3333333333333333
13	0.14814814814814814	0.3076923076923077
14	0.14814814814814814	0.2857142857142857
15	0.18518518518518517	0.3333333333333333
