1	0.023809523809523808	1.0
2	0.023809523809523808	0.5
3	0.023809523809523808	0.3333333333333333
4	0.023809523809523808	0.25
5	0.023809523809523808	0.2
6	0.023809523809523808	0.16666666666666666
7	0.047619047619047616	0.2857142857142857
8	0.047619047619047616	0.25
9	0.047619047619047616	0.2222222222222222
10	0.047619047619047616	0.2
11	0.07142857142857142	0.2727272727272727
12	0.07142857142857142	0.25
13	0.07142857142857142	0.23076923076923078
14	0.07142857142857142	0.21428571428571427
15	0.07142857142857142	0.2
