1	0.043478260869565216	1.0
2	0.043478260869565216	0.5
3	0.043478260869565216	0.3333333333333333
4	0.043478260869565216	0.25
5	0.08695652173913043	0.4
6	0.08695652173913043	0.3333333333333333
7	0.13043478260869565	0.42857142857142855
8	0.13043478260869565	0.375
9	0.13043478260869565	0.3333333333333333
10	0.17391304347826086	0.4
11	0.17391304347826086	0.36363636363636365
12	0.17391304347826086	0.3333333333333333
13	0.17391304347826086	0.3076923076923077
14	0.17391304347826086	0.2857142857142857
15	0.17391304347826086	0.26666666666666666
