1	0.047619047619047616	1.0
2	0.047619047619047616	0.5
3	0.09523809523809523	0.6666666666666666
4	0.14285714285714285	0.75
5	0.19047619047619047	0.8
6	0.19047619047619047	0.6666666666666666
7	0.19047619047619047	0.5714285714285714
8	0.23809523809523808	0.625
9	0.2857142857142857	0.6666666666666666
10	0.3333333333333333	0.7
11	0.3333333333333333	0.6363636363636364
12	0.3333333333333333	0.5833333333333334
13	0.3333333333333333	0.5384615384615384
14	0.3333333333333333	0.5
15	0.3333333333333333	0.4666666666666667
