1	0.043478260869565216	1.0
2	0.08695652173913043	1.0
3	0.13043478260869565	1.0
4	0.13043478260869565	0.75
5	0.17391304347826086	0.8
6	0.17391304347826086	0.6666666666666666
7	0.17391304347826086	0.5714285714285714
8	0.21739130434782608	0.625
9	0.21739130434782608	0.5555555555555556
10	0.21739130434782608	0.5
11	0.21739130434782608	0.45454545454545453
12	0.21739130434782608	0.4166666666666667
13	0.21739130434782608	0.38461538461538464
14	0.21739130434782608	0.35714285714285715
15	0.21739130434782608	0.3333333333333333
