1	0.023809523809523808	1.0
2	0.023809523809523808	0.5
3	0.047619047619047616	0.6666666666666666
4	0.047619047619047616	0.5
5	0.07142857142857142	0.6
6	0.09523809523809523	0.6666666666666666
7	0.09523809523809523	0.5714285714285714
8	0.11904761904761904	0.625
9	0.11904761904761904	0.5555555555555556
10	0.14285714285714285	0.6
11	0.14285714285714285	0.5454545454545454
12	0.14285714285714285	0.5
13	0.14285714285714285	0.46153846153846156
14	0.14285714285714285	0.42857142857142855
15	0.14285714285714285	0.4
