1	0.0	0.0
2	0.0	0.0
3	0.038461538461538464	0.3333333333333333
4	0.07692307692307693	0.5
5	0.07692307692307693	0.4
6	0.07692307692307693	0.3333333333333333
7	0.07692307692307693	0.2857142857142857
8	0.07692307692307693	0.25
9	0.07692307692307693	0.2222222222222222
10	0.07692307692307693	0.2
11	0.07692307692307693	0.18181818181818182
12	0.07692307692307693	0.16666666666666666
13	0.07692307692307693	0.15384615384615385
14	0.07692307692307693	0.14285714285714285
15	0.07692307692307693	0.13333333333333333
