1	0.029411764705882353	1.0
2	0.058823529411764705	1.0
3	0.08823529411764706	1.0
4	0.08823529411764706	0.75
5	0.08823529411764706	0.6
6	0.11764705882352941	0.6666666666666666
7	0.11764705882352941	0.5714285714285714
8	0.11764705882352941	0.5
9	0.14705882352941177	0.5555555555555556
10	0.17647058823529413	0.6
11	0.17647058823529413	0.5454545454545454
12	0.20588235294117646	0.5833333333333334
13	0.23529411764705882	0.6153846153846154
14	0.23529411764705882	0.5714285714285714
15	0.2647058823529412	0.6
