1	0.0	0.0
2	0.017543859649122806	0.5
3	0.017543859649122806	0.3333333333333333
4	0.017543859649122806	0.25
5	0.017543859649122806	0.2
6	0.017543859649122806	0.16666666666666666
7	0.017543859649122806	0.14285714285714285
8	0.03508771929824561	0.25
9	0.03508771929824561	0.2222222222222222
10	0.03508771929824561	0.2
11	0.03508771929824561	0.18181818181818182
12	0.05263157894736842	0.25
13	0.05263157894736842	0.23076923076923078
14	0.07017543859649122	0.2857142857142857
15	0.07017543859649122	0.26666666666666666
16	0.07017543859649122	0.25
17	0.07017543859649122	0.23529411764705882
18	0.07017543859649122	0.2222222222222222
19	0.07017543859649122	0.21052631578947367
20	0.07017543859649122	0.2
21	0.07017543859649122	0.19047619047619047
22	0.07017543859649122	0.18181818181818182
23	0.07017543859649122	0.17391304347826086
24	0.07017543859649122	0.16666666666666666
25	0.07017543859649122	0.16
