1	0.07692307692307693	1.0
2	0.07692307692307693	0.5
3	0.07692307692307693	0.3333333333333333
4	0.07692307692307693	0.25
5	0.07692307692307693	0.2
6	0.07692307692307693	0.16666666666666666
7	0.07692307692307693	0.14285714285714285
8	0.07692307692307693	0.125
9	0.07692307692307693	0.1111111111111111
10	0.15384615384615385	0.2
11	0.15384615384615385	0.18181818181818182
12	0.15384615384615385	0.16666666666666666
13	0.23076923076923078	0.23076923076923078
14	0.23076923076923078	0.21428571428571427
15	0.23076923076923078	0.2
16	0.23076923076923078	0.1875
17	0.23076923076923078	0.17647058823529413
18	0.23076923076923078	0.16666666666666666
19	0.23076923076923078	0.15789473684210525
20	0.3076923076923077	0.2
21	0.38461538461538464	0.23809523809523808
22	0.38461538461538464	0.22727272727272727
23	0.38461538461538464	0.21739130434782608
24	0.38461538461538464	0.20833333333333334
25	0.38461538461538464	0.2
