1	0.058823529411764705	1.0
2	0.11764705882352941	1.0
3	0.11764705882352941	0.6666666666666666
4	0.11764705882352941	0.5
5	0.11764705882352941	0.4
6	0.11764705882352941	0.3333333333333333
7	0.11764705882352941	0.2857142857142857
8	0.11764705882352941	0.25
9	0.11764705882352941	0.2222222222222222
10	0.17647058823529413	0.3
11	0.17647058823529413	0.2727272727272727
12	0.23529411764705882	0.3333333333333333
13	0.29411764705882354	0.38461538461538464
14	0.29411764705882354	0.35714285714285715
15	0.29411764705882354	0.3333333333333333
16	0.35294117647058826	0.375
17	0.35294117647058826	0.35294117647058826
18	0.4117647058823529	0.3888888888888889
19	0.4117647058823529	0.3684210526315789
20	0.4117647058823529	0.35
21	0.4117647058823529	0.3333333333333333
22	0.4117647058823529	0.3181818181818182
23	0.4117647058823529	0.30434782608695654
24	0.4117647058823529	0.2916666666666667
25	0.4117647058823529	0.28
