1	0.017543859649122806	1.0
2	0.017543859649122806	0.5
3	0.017543859649122806	0.3333333333333333
4	0.017543859649122806	0.25
5	0.017543859649122806	0.2
6	0.017543859649122806	0.16666666666666666
7	0.017543859649122806	0.14285714285714285
8	0.017543859649122806	0.125
9	0.017543859649122806	0.1111111111111111
10	0.017543859649122806	0.1
11	0.017543859649122806	0.09090909090909091
12	0.017543859649122806	0.08333333333333333
13	0.017543859649122806	0.07692307692307693
14	0.017543859649122806	0.07142857142857142
15	0.017543859649122806	0.06666666666666667
16	0.03508771929824561	0.125
17	0.03508771929824561	0.11764705882352941
18	0.05263157894736842	0.16666666666666666
19	0.07017543859649122	0.21052631578947367
20	0.07017543859649122	0.2
21	0.08771929824561403	0.23809523809523808
22	0.10526315789473684	0.2727272727272727
23	0.12280701754385964	0.30434782608695654
24	0.12280701754385964	0.2916666666666667
25	0.14035087719298245	0.32
