1	0.058823529411764705	1.0
2	0.11764705882352941	1.0
3	0.11764705882352941	0.6666666666666666
4	0.11764705882352941	0.5
5	0.11764705882352941	0.4
6	0.11764705882352941	0.3333333333333333
7	0.17647058823529413	0.42857142857142855
8	0.23529411764705882	0.5
9	0.29411764705882354	0.5555555555555556
10	0.35294117647058826	0.6
11	0.35294117647058826	0.5454545454545454
12	0.35294117647058826	0.5
13	0.35294117647058826	0.46153846153846156
14	0.35294117647058826	0.42857142857142855
15	0.4117647058823529	0.4666666666666667
16	0.47058823529411764	0.5
17	0.47058823529411764	0.47058823529411764
18	0.5294117647058824	0.5
19	0.5294117647058824	0.47368421052631576
20	0.5294117647058824	0.45
21	0.5294117647058824	0.42857142857142855
22	0.5294117647058824	0.4090909090909091
23	0.5294117647058824	0.391304347826087
24	0.5294117647058824	0.375
25	0.5882352941176471	0.4
