1	0.02857142857142857	1.0
2	0.02857142857142857	0.5
3	0.02857142857142857	0.3333333333333333
4	0.05714285714285714	0.5
5	0.08571428571428572	0.6
6	0.08571428571428572	0.5
7	0.08571428571428572	0.42857142857142855
8	0.08571428571428572	0.375
9	0.08571428571428572	0.3333333333333333
10	0.08571428571428572	0.3
11	0.08571428571428572	0.2727272727272727
12	0.08571428571428572	0.25
13	0.08571428571428572	0.23076923076923078
14	0.08571428571428572	0.21428571428571427
15	0.08571428571428572	0.2
16	0.08571428571428572	0.1875
17	0.08571428571428572	0.17647058823529413
18	0.08571428571428572	0.16666666666666666
19	0.08571428571428572	0.15789473684210525
20	0.08571428571428572	0.15
21	0.08571428571428572	0.14285714285714285
22	0.11428571428571428	0.18181818181818182
23	0.14285714285714285	0.21739130434782608
24	0.14285714285714285	0.20833333333333334
25	0.14285714285714285	0.2
