1	0.018867924528301886	1.0
2	0.018867924528301886	0.5
3	0.018867924528301886	0.3333333333333333
4	0.018867924528301886	0.25
5	0.03773584905660377	0.4
6	0.03773584905660377	0.3333333333333333
7	0.03773584905660377	0.2857142857142857
8	0.03773584905660377	0.25
9	0.03773584905660377	0.2222222222222222
10	0.03773584905660377	0.2
11	0.03773584905660377	0.18181818181818182
12	0.03773584905660377	0.16666666666666666
13	0.03773584905660377	0.15384615384615385
14	0.03773584905660377	0.14285714285714285
15	0.03773584905660377	0.13333333333333333
16	0.03773584905660377	0.125
17	0.03773584905660377	0.11764705882352941
18	0.05660377358490566	0.16666666666666666
19	0.07547169811320754	0.21052631578947367
20	0.07547169811320754	0.2
21	0.07547169811320754	0.19047619047619047
22	0.07547169811320754	0.18181818181818182
23	0.07547169811320754	0.17391304347826086
24	0.09433962264150944	0.20833333333333334
25	0.09433962264150944	0.2
