1	0.037037037037037035	1.0
2	0.07407407407407407	1.0
3	0.07407407407407407	0.6666666666666666
4	0.07407407407407407	0.5
5	0.07407407407407407	0.4
6	0.07407407407407407	0.3333333333333333
7	0.07407407407407407	0.2857142857142857
8	0.07407407407407407	0.25
9	0.07407407407407407	0.2222222222222222
10	0.07407407407407407	0.2
11	0.07407407407407407	0.18181818181818182
12	0.07407407407407407	0.16666666666666666
13	0.1111111111111111	0.23076923076923078
14	0.1111111111111111	0.21428571428571427
15	0.14814814814814814	0.26666666666666666
16	0.14814814814814814	0.25
17	0.14814814814814814	0.23529411764705882
18	0.14814814814814814	0.2222222222222222
19	0.14814814814814814	0.21052631578947367
20	0.14814814814814814	0.2
21	0.14814814814814814	0.19047619047619047
22	0.14814814814814814	0.18181818181818182
23	0.14814814814814814	0.17391304347826086
24	0.18518518518518517	0.20833333333333334
25	0.2222222222222222	0.24
