1	0.0	0.0
2	0.045454545454545456	0.5
3	0.045454545454545456	0.3333333333333333
4	0.045454545454545456	0.25
5	0.045454545454545456	0.2
6	0.045454545454545456	0.16666666666666666
7	0.045454545454545456	0.14285714285714285
8	0.045454545454545456	0.125
9	0.045454545454545456	0.1111111111111111
10	0.045454545454545456	0.1
11	0.045454545454545456	0.09090909090909091
12	0.045454545454545456	0.08333333333333333
13	0.045454545454545456	0.07692307692307693
14	0.045454545454545456	0.07142857142857142
15	0.09090909090909091	0.13333333333333333
16	0.09090909090909091	0.125
17	0.13636363636363635	0.17647058823529413
18	0.18181818181818182	0.2222222222222222
19	0.18181818181818182	0.21052631578947367
20	0.18181818181818182	0.2
21	0.18181818181818182	0.19047619047619047
22	0.18181818181818182	0.18181818181818182
23	0.18181818181818182	0.17391304347826086
24	0.18181818181818182	0.16666666666666666
25	0.18181818181818182	0.16
