1	0.0	0.0
2	0.025	0.5
3	0.05	0.6666666666666666
4	0.075	0.75
5	0.075	0.6
6	0.1	0.6666666666666666
7	0.1	0.5714285714285714
8	0.1	0.5
9	0.125	0.5555555555555556
10	0.125	0.5
11	0.125	0.45454545454545453
12	0.125	0.4166666666666667
13	0.125	0.38461538461538464
14	0.125	0.35714285714285715
15	0.125	0.3333333333333333
16	0.125	0.3125
17	0.15	0.35294117647058826
18	0.15	0.3333333333333333
19	0.15	0.3157894736842105
20	0.15	0.3
21	0.15	0.2857142857142857
22	0.175	0.3181818181818182
23	0.2	0.34782608695652173
24	0.225	0.375
25	0.25	0.4
