1	0.0	0.0
2	0.0	0.0
3	0.027777777777777776	0.3333333333333333
4	0.027777777777777776	0.25
5	0.027777777777777776	0.2
6	0.027777777777777776	0.16666666666666666
7	0.027777777777777776	0.14285714285714285
8	0.027777777777777776	0.125
9	0.027777777777777776	0.1111111111111111
10	0.027777777777777776	0.1
11	0.05555555555555555	0.18181818181818182
12	0.08333333333333333	0.25
13	0.08333333333333333	0.23076923076923078
14	0.08333333333333333	0.21428571428571427
15	0.08333333333333333	0.2
16	0.1111111111111111	0.25
17	0.1111111111111111	0.23529411764705882
18	0.1111111111111111	0.2222222222222222
19	0.1388888888888889	0.2631578947368421
20	0.1388888888888889	0.25
21	0.1388888888888889	0.23809523809523808
22	0.16666666666666666	0.2727272727272727
23	0.16666666666666666	0.2608695652173913
24	0.16666666666666666	0.25
25	0.16666666666666666	0.24
