1	0.0	0.0
2	0.012195121951219513	0.5
3	0.024390243902439025	0.6666666666666666
4	0.024390243902439025	0.5
5	0.024390243902439025	0.4
6	0.024390243902439025	0.3333333333333333
7	0.024390243902439025	0.2857142857142857
8	0.024390243902439025	0.25
9	0.024390243902439025	0.2222222222222222
10	0.024390243902439025	0.2
11	0.036585365853658534	0.2727272727272727
12	0.036585365853658534	0.25
13	0.036585365853658534	0.23076923076923078
14	0.036585365853658534	0.21428571428571427
15	0.036585365853658534	0.2
16	0.036585365853658534	0.1875
17	0.04878048780487805	0.23529411764705882
18	0.06097560975609756	0.2777777777777778
19	0.06097560975609756	0.2631578947368421
20	0.07317073170731707	0.3
21	0.08536585365853659	0.3333333333333333
22	0.08536585365853659	0.3181818181818182
23	0.08536585365853659	0.30434782608695654
24	0.08536585365853659	0.2916666666666667
25	0.08536585365853659	0.28
