1	0.025	1.0
2	0.05	1.0
3	0.05	0.6666666666666666
4	0.075	0.75
5	0.075	0.6
6	0.1	0.6666666666666666
7	0.1	0.5714285714285714
8	0.1	0.5
9	0.1	0.4444444444444444
10	0.1	0.4
11	0.1	0.36363636363636365
12	0.125	0.4166666666666667
13	0.125	0.38461538461538464
14	0.15	0.42857142857142855
15	0.175	0.4666666666666667
16	0.2	0.5
17	0.2	0.47058823529411764
18	0.2	0.4444444444444444
19	0.2	0.42105263157894735
20	0.2	0.4
21	0.2	0.38095238095238093
22	0.225	0.4090909090909091
23	0.225	0.391304347826087
24	0.225	0.375
25	0.225	0.36
