1	0.07692307692307693	1.0
2	0.15384615384615385	1.0
3	0.23076923076923078	1.0
4	0.23076923076923078	0.75
5	0.23076923076923078	0.6
6	0.23076923076923078	0.5
7	0.3076923076923077	0.5714285714285714
8	0.38461538461538464	0.625
9	0.38461538461538464	0.5555555555555556
10	0.38461538461538464	0.5
11	0.38461538461538464	0.45454545454545453
12	0.38461538461538464	0.4166666666666667
13	0.46153846153846156	0.46153846153846156
14	0.46153846153846156	0.42857142857142855
15	0.46153846153846156	0.4
16	0.46153846153846156	0.375
17	0.46153846153846156	0.35294117647058826
18	0.46153846153846156	0.3333333333333333
19	0.46153846153846156	0.3157894736842105
20	0.5384615384615384	0.35
21	0.5384615384615384	0.3333333333333333
22	0.5384615384615384	0.3181818181818182
23	0.5384615384615384	0.30434782608695654
24	0.5384615384615384	0.2916666666666667
25	0.5384615384615384	0.28
26	0.5384615384615384	0.2692307692307692
27	0.5384615384615384	0.25925925925925924
28	0.5384615384615384	0.25
29	0.5384615384615384	0.2413793103448276
30	0.5384615384615384	0.23333333333333334
