1	0.01282051282051282	1.0
2	0.02564102564102564	1.0
3	0.038461538461538464	1.0
4	0.05128205128205128	1.0
5	0.05128205128205128	0.8
6	0.0641025641025641	0.8333333333333334
7	0.07692307692307693	0.8571428571428571
8	0.08974358974358974	0.875
9	0.10256410256410256	0.8888888888888888
10	0.10256410256410256	0.8
11	0.10256410256410256	0.7272727272727273
12	0.10256410256410256	0.6666666666666666
13	0.10256410256410256	0.6153846153846154
14	0.10256410256410256	0.5714285714285714
15	0.11538461538461539	0.6
16	0.11538461538461539	0.5625
17	0.11538461538461539	0.5294117647058824
18	0.11538461538461539	0.5
19	0.11538461538461539	0.47368421052631576
20	0.11538461538461539	0.45
21	0.1282051282051282	0.47619047619047616
22	0.1282051282051282	0.45454545454545453
23	0.1282051282051282	0.43478260869565216
24	0.14102564102564102	0.4583333333333333
25	0.15384615384615385	0.48
26	0.15384615384615385	0.46153846153846156
27	0.15384615384615385	0.4444444444444444
28	0.15384615384615385	0.42857142857142855
29	0.15384615384615385	0.41379310344827586
30	0.15384615384615385	0.4
