1	0.045454545454545456	1.0
2	0.045454545454545456	0.5
3	0.045454545454545456	0.3333333333333333
4	0.045454545454545456	0.25
5	0.09090909090909091	0.4
6	0.09090909090909091	0.3333333333333333
7	0.13636363636363635	0.42857142857142855
8	0.13636363636363635	0.375
9	0.18181818181818182	0.4444444444444444
10	0.18181818181818182	0.4
11	0.18181818181818182	0.36363636363636365
12	0.18181818181818182	0.3333333333333333
13	0.18181818181818182	0.3076923076923077
14	0.18181818181818182	0.2857142857142857
15	0.18181818181818182	0.26666666666666666
16	0.18181818181818182	0.25
17	0.18181818181818182	0.23529411764705882
18	0.18181818181818182	0.2222222222222222
19	0.18181818181818182	0.21052631578947367
20	0.18181818181818182	0.2
21	0.22727272727272727	0.23809523809523808
22	0.22727272727272727	0.22727272727272727
23	0.2727272727272727	0.2608695652173913
24	0.3181818181818182	0.2916666666666667
25	0.3181818181818182	0.28
26	0.3181818181818182	0.2692307692307692
27	0.3181818181818182	0.25925925925925924
28	0.3181818181818182	0.25
29	0.3181818181818182	0.2413793103448276
30	0.36363636363636365	0.26666666666666666
