1	0.04	1.0
2	0.04	0.5
3	0.04	0.3333333333333333
4	0.04	0.25
5	0.04	0.2
6	0.08	0.3333333333333333
7	0.12	0.42857142857142855
8	0.12	0.375
9	0.16	0.4444444444444444
10	0.16	0.4
11	0.16	0.36363636363636365
12	0.2	0.4166666666666667
13	0.2	0.38461538461538464
14	0.24	0.42857142857142855
15	0.24	0.4
16	0.24	0.375
17	0.28	0.4117647058823529
18	0.28	0.3888888888888889
19	0.32	0.42105263157894735
20	0.36	0.45
21	0.4	0.47619047619047616
22	0.4	0.45454545454545453
23	0.44	0.4782608695652174
24	0.44	0.4583333333333333
25	0.44	0.44
26	0.44	0.4230769230769231
27	0.44	0.4074074074074074
28	0.44	0.39285714285714285
29	0.44	0.3793103448275862
30	0.44	0.36666666666666664
