1	0.010526315789473684	1.0
2	0.021052631578947368	1.0
3	0.021052631578947368	0.6666666666666666
4	0.021052631578947368	0.5
5	0.021052631578947368	0.4
6	0.021052631578947368	0.3333333333333333
7	0.021052631578947368	0.2857142857142857
8	0.031578947368421054	0.375
9	0.031578947368421054	0.3333333333333333
10	0.031578947368421054	0.3
11	0.031578947368421054	0.2727272727272727
12	0.031578947368421054	0.25
13	0.031578947368421054	0.23076923076923078
14	0.031578947368421054	0.21428571428571427
15	0.031578947368421054	0.2
16	0.042105263157894736	0.25
17	0.042105263157894736	0.23529411764705882
18	0.042105263157894736	0.2222222222222222
19	0.05263157894736842	0.2631578947368421
20	0.05263157894736842	0.25
21	0.05263157894736842	0.23809523809523808
22	0.06315789473684211	0.2727272727272727
23	0.06315789473684211	0.2608695652173913
24	0.07368421052631578	0.2916666666666667
25	0.07368421052631578	0.28
26	0.07368421052631578	0.2692307692307692
27	0.07368421052631578	0.25925925925925924
28	0.08421052631578947	0.2857142857142857
29	0.09473684210526316	0.3103448275862069
30	0.10526315789473684	0.3333333333333333
