1	0.07142857142857142	1.0
2	0.07142857142857142	0.5
3	0.14285714285714285	0.6666666666666666
4	0.14285714285714285	0.5
5	0.14285714285714285	0.4
6	0.14285714285714285	0.3333333333333333
7	0.21428571428571427	0.42857142857142855
8	0.2857142857142857	0.5
9	0.2857142857142857	0.4444444444444444
10	0.2857142857142857	0.4
11	0.2857142857142857	0.36363636363636365
12	0.2857142857142857	0.3333333333333333
13	0.35714285714285715	0.38461538461538464
14	0.42857142857142855	0.42857142857142855
15	0.42857142857142855	0.4
16	0.42857142857142855	0.375
17	0.42857142857142855	0.35294117647058826
18	0.42857142857142855	0.3333333333333333
19	0.42857142857142855	0.3157894736842105
20	0.5	0.35
21	0.5	0.3333333333333333
22	0.5714285714285714	0.36363636363636365
23	0.5714285714285714	0.34782608695652173
24	0.5714285714285714	0.3333333333333333
25	0.6428571428571429	0.36
26	0.7142857142857143	0.38461538461538464
27	0.7142857142857143	0.37037037037037035
28	0.7142857142857143	0.35714285714285715
29	0.7142857142857143	0.3448275862068966
30	0.7857142857142857	0.36666666666666664
