1	0.014084507042253521	1.0
2	0.028169014084507043	1.0
3	0.04225352112676056	1.0
4	0.056338028169014086	1.0
5	0.07042253521126761	1.0
6	0.08450704225352113	1.0
7	0.09859154929577464	1.0
8	0.09859154929577464	0.875
9	0.09859154929577464	0.7777777777777778
10	0.09859154929577464	0.7
11	0.09859154929577464	0.6363636363636364
12	0.09859154929577464	0.5833333333333334
13	0.11267605633802817	0.6153846153846154
14	0.1267605633802817	0.6428571428571429
15	0.1267605633802817	0.6
16	0.14084507042253522	0.625
17	0.14084507042253522	0.5882352941176471
18	0.14084507042253522	0.5555555555555556
19	0.15492957746478872	0.5789473684210527
20	0.15492957746478872	0.55
21	0.15492957746478872	0.5238095238095238
22	0.15492957746478872	0.5
23	0.15492957746478872	0.4782608695652174
24	0.15492957746478872	0.4583333333333333
25	0.15492957746478872	0.44
