1	0.0	0.0
2	0.010752688172043012	0.5
3	0.010752688172043012	0.3333333333333333
4	0.021505376344086023	0.5
5	0.021505376344086023	0.4
6	0.03225806451612903	0.5
7	0.03225806451612903	0.42857142857142855
8	0.03225806451612903	0.375
9	0.03225806451612903	0.3333333333333333
10	0.03225806451612903	0.3
11	0.03225806451612903	0.2727272727272727
12	0.03225806451612903	0.25
13	0.043010752688172046	0.3076923076923077
14	0.043010752688172046	0.2857142857142857
15	0.053763440860215055	0.3333333333333333
16	0.053763440860215055	0.3125
17	0.06451612903225806	0.35294117647058826
18	0.07526881720430108	0.3888888888888889
19	0.07526881720430108	0.3684210526315789
20	0.08602150537634409	0.4
21	0.0967741935483871	0.42857142857142855
22	0.0967741935483871	0.4090909090909091
23	0.0967741935483871	0.391304347826087
24	0.0967741935483871	0.375
25	0.10752688172043011	0.4
