1	0.03225806451612903	1.0
2	0.03225806451612903	0.5
3	0.06451612903225806	0.6666666666666666
4	0.06451612903225806	0.5
5	0.06451612903225806	0.4
6	0.0967741935483871	0.5
7	0.0967741935483871	0.42857142857142855
8	0.12903225806451613	0.5
9	0.16129032258064516	0.5555555555555556
10	0.16129032258064516	0.5
11	0.1935483870967742	0.5454545454545454
12	0.1935483870967742	0.5
13	0.1935483870967742	0.46153846153846156
14	0.22580645161290322	0.5
15	0.22580645161290322	0.4666666666666667
16	0.22580645161290322	0.4375
17	0.22580645161290322	0.4117647058823529
18	0.22580645161290322	0.3888888888888889
19	0.22580645161290322	0.3684210526315789
20	0.22580645161290322	0.35
21	0.25806451612903225	0.38095238095238093
22	0.25806451612903225	0.36363636363636365
23	0.25806451612903225	0.34782608695652173
24	0.25806451612903225	0.3333333333333333
25	0.25806451612903225	0.32
