1	0.0	0.0
2	0.011235955056179775	0.5
3	0.011235955056179775	0.3333333333333333
4	0.011235955056179775	0.25
5	0.011235955056179775	0.2
6	0.011235955056179775	0.16666666666666666
7	0.011235955056179775	0.14285714285714285
8	0.011235955056179775	0.125
9	0.011235955056179775	0.1111111111111111
10	0.011235955056179775	0.1
11	0.011235955056179775	0.09090909090909091
12	0.011235955056179775	0.08333333333333333
13	0.011235955056179775	0.07692307692307693
14	0.011235955056179775	0.07142857142857142
15	0.011235955056179775	0.06666666666666667
16	0.02247191011235955	0.125
17	0.02247191011235955	0.11764705882352941
18	0.02247191011235955	0.1111111111111111
19	0.02247191011235955	0.10526315789473684
20	0.02247191011235955	0.1
21	0.033707865168539325	0.14285714285714285
22	0.0449438202247191	0.18181818181818182
23	0.056179775280898875	0.21739130434782608
24	0.056179775280898875	0.20833333333333334
25	0.06741573033707865	0.24
