1	0.09070578664728274	0.6833333333333333
2	0.129121441041198	0.5
3	0.15558495035796815	0.40833333333333355
4	0.17658255581209542	0.35625
5	0.20427307483413612	0.32833333333333314
6	0.21531738869494613	0.288888888888889
7	0.22881636656892393	0.26428571428571396
8	0.24071250284006024	0.24479166666666666
9	0.2539980367505941	0.22962962962962927
10	0.26559303080882346	0.2175000000000001
11	0.2817919898610434	0.20984848484848503
12	0.2916019946710483	0.19930555555555554
13	0.29924311864369396	0.18974358974358943
14	0.3096799272055025	0.18333333333333338
15	0.31682687747745286	0.1761111111111109
16	0.3250405035075751	0.17083333333333334
17	0.3295720708556385	0.16470588235294092
18	0.33649421875604724	0.15972222222222207
19	0.34172426246435195	0.15438596491228054
20	0.3488391614542509	0.15
21	0.35126971700980647	0.14365079365079345
22	0.35934511383520334	0.14015151515151525
23	0.364054108544198	0.13586956521739127
24	0.36888545775054726	0.1319444444444445
25	0.3754259542910438	0.1296666666666665
