1	0.04408703948166446	0.65
2	0.06713871814670865	0.525
3	0.07909559263573095	0.4249999999999999
4	0.08939371373610805	0.3645833333333333
5	0.09882140203768829	0.32333333333333303
6	0.10409736126601325	0.2861111111111111
7	0.1103105576208352	0.25595238095238065
8	0.1157910036126661	0.23854166666666668
9	0.1244737711712125	0.23333333333333295
10	0.1293595052874754	0.2208333333333333
11	0.1361528676188578	0.2113636363636366
12	0.14274061939345764	0.2048611111111111
13	0.1513171503931795	0.20064102564102532
14	0.15684321994426925	0.19345238095238096
15	0.16641887260329102	0.19333333333333305
16	0.17214419865542874	0.19010416666666666
17	0.17692848496948074	0.18627450980392124
18	0.1816418334377761	0.18148148148148138
19	0.18893244707381515	0.1785087719298244
20	0.19555254199469563	0.17541666666666672
21	0.20209749602485874	0.17301587301587273
22	0.206287940248917	0.17045454545454553
23	0.21313657769868852	0.1692028985507246
24	0.2175813460936552	0.16666666666666663
25	0.22258997728182067	0.16433333333333316
