1	0.04513798650115579	0.675
2	0.07091603896452198	0.575
3	0.08592598776670471	0.4722222222222223
4	0.09148195820792103	0.375
5	0.09827814097661469	0.3283333333333332
6	0.10723799531757859	0.30277777777777776
7	0.11644617987498762	0.28333333333333316
8	0.1261740719877482	0.26666666666666666
9	0.13488256901474363	0.2537037037037034
10	0.14167327014368009	0.23666666666666678
11	0.14613252909925162	0.22651515151515167
12	0.1518460634963245	0.2173611111111111
13	0.15972652121679648	0.2128205128205125
14	0.16506015113325007	0.2053571428571428
15	0.1746612830747633	0.20333333333333312
16	0.1804449166292759	0.2
17	0.18686929084039688	0.1970588235294114
18	0.1920695190398932	0.19305555555555542
19	0.19672093487551956	0.18771929824561392
20	0.20284273568427816	0.18583333333333335
21	0.20615565931088806	0.1817460317460315
22	0.20975859822165568	0.17840909090909088
23	0.21511056557162075	0.17536231884057968
24	0.219831677792733	0.1715277777777777
25	0.22268375698785575	0.1676666666666665
