1	0.09144581038549501	0.7166666666666667
2	0.11765572509557824	0.4791666666666667
3	0.14483446089830604	0.39999999999999997
4	0.16496478096935885	0.3416666666666667
5	0.18082315807895258	0.30166666666666647
6	0.1991311706002004	0.2749999999999998
7	0.21275855943854255	0.2571428571428568
8	0.2275856829048881	0.24479166666666666
9	0.2414728674115579	0.232407407407407
10	0.251757132965036	0.22
11	0.25432447303237604	0.20227272727272746
12	0.2665803225606714	0.1958333333333333
13	0.27989357521215935	0.1903846153846151
14	0.2923453018480965	0.18452380952380956
15	0.29967490035416566	0.17722222222222203
16	0.30830240508412776	0.171875
17	0.31238125813072276	0.16421568627450953
18	0.3183658036634495	0.1587962962962963
19	0.3230556488987668	0.15482456140350878
20	0.3264202391696071	0.15000000000000002
21	0.3309951724600009	0.14603174603174587
22	0.3386859093924574	0.143939393939394
23	0.34773206012281865	0.14130434782608692
24	0.3539246178696528	0.13888888888888884
25	0.359539830257311	0.13633333333333322
