1	0.043961155082119056	0.5916666666666667
2	0.06422416246447868	0.45
3	0.07886559679785417	0.3805555555555556
4	0.0864110329537058	0.3229166666666667
5	0.0971808385601596	0.2899999999999998
6	0.103420072312137	0.2611111111111112
7	0.11445147756016129	0.24404761904761887
8	0.12533456125660405	0.23229166666666667
9	0.12970484099448715	0.21574074074074037
10	0.1333757010004294	0.20250000000000004
11	0.13791269625419228	0.19242424242424244
12	0.14380036633517626	0.18541666666666662
13	0.15157068403076576	0.18141025641025624
14	0.15816464424142349	0.17857142857142863
15	0.1657884588772207	0.17666666666666656
16	0.171021438441722	0.171875
17	0.17450215290407484	0.16666666666666644
18	0.18256998564135143	0.16712962962962954
19	0.18833731378524557	0.16359649122807018
20	0.19299949948236425	0.16166666666666668
21	0.19697361860478843	0.15753968253968234
22	0.200783436338482	0.15643939393939396
23	0.20422917739190197	0.15398550724637683
24	0.21096168381155078	0.15312499999999998
25	0.21412443635954925	0.14999999999999986
