1	0.0957313029689513	0.75
2	0.12369803276022581	0.5
3	0.14025049756814087	0.38611111111111157
4	0.15932735242624577	0.3229166666666667
5	0.17689760793801582	0.2916666666666667
6	0.20242861390100708	0.2777777777777778
7	0.21788735228737705	0.2547619047619044
8	0.2310661320998307	0.23958333333333334
9	0.24947943176313045	0.22777777777777738
10	0.26577871220763155	0.2216666666666668
11	0.2757949222402889	0.21060606060606077
12	0.2823590094662039	0.1999999999999999
13	0.29514469710275204	0.1955128205128202
14	0.3049540608735129	0.18869047619047627
15	0.3185115685540044	0.18333333333333313
16	0.32576817317516016	0.1765625
17	0.33454484575939863	0.17156862745098012
18	0.3442567462263287	0.1680555555555555
19	0.35203310475934485	0.16403508771929817
20	0.3549356685626439	0.15791666666666676
21	0.3602413870658262	0.15317460317460296
22	0.3698181147238711	0.15151515151515155
23	0.3743210984074044	0.147463768115942
24	0.3790426048218609	0.14444444444444443
25	0.3825624849961528	0.14033333333333323
