1	0.059618557957275935	0.6166666666666667
2	0.07959600234611681	0.4375
3	0.09854339691893467	0.36111111111111127
4	0.11034486508812867	0.30416666666666664
5	0.12781046576088637	0.27833333333333304
6	0.14020853292049654	0.2555555555555556
7	0.15113328603639342	0.2369047619047616
8	0.16516055013710262	0.22708333333333333
9	0.17632762079987518	0.21574074074074032
10	0.185317266150215	0.20666666666666667
11	0.1961861026019811	0.19848484848484854
12	0.20965838763232902	0.19374999999999992
13	0.22079637196256835	0.1884615384615382
14	0.22770491933727163	0.1803571428571428
15	0.23473548487412155	0.17555555555555538
16	0.2419584394304166	0.17083333333333334
17	0.25277200740097877	0.1696078431372546
18	0.2564942552968712	0.16435185185185172
19	0.2605272304794713	0.16008771929824556
20	0.2645815489464049	0.15625000000000006
21	0.2720551463255088	0.15515873015872994
22	0.28014668472009596	0.15340909090909094
23	0.2828714157426501	0.1496376811594204
24	0.28808372001301724	0.14583333333333334
25	0.29385397534112234	0.14399999999999988
