1	0.10820165369630659	0.775
2	0.153967299227819	0.55
3	0.17659625591927566	0.4305555555555559
4	0.20111778354742083	0.37083333333333335
5	0.20848100156189942	0.3099999999999999
6	0.21948618740339476	0.2777777777777778
7	0.23501558855779597	0.2535714285714283
8	0.24648901850948682	0.23229166666666667
9	0.2642093768548452	0.2212962962962959
10	0.27785181741692866	0.21000000000000005
11	0.2893726572820669	0.20151515151515162
12	0.2984396550990646	0.19236111111111098
13	0.31479878962396	0.18846153846153815
14	0.3272717399540532	0.18273809523809528
15	0.3365535649760099	0.1761111111111109
16	0.34703562425271206	0.17135416666666667
17	0.3579144329440208	0.16666666666666644
18	0.36517112686738146	0.16064814814814804
19	0.3764088896492618	0.15701754385964906
20	0.3911958229888267	0.15416666666666667
21	0.4023218150523188	0.15039682539682517
22	0.40923484415284783	0.14659090909090916
23	0.41126575243775226	0.14202898550724638
24	0.42125901897513646	0.1395833333333333
25	0.42640189693051445	0.13599999999999984
