1	0.06908495948948326	0.625
2	0.09928681295501555	0.45
3	0.12094696052979724	0.361111111111111
4	0.13972156992947654	0.30833333333333335
5	0.158118729599572	0.2783333333333332
6	0.1772108677174454	0.2611111111111111
7	0.20337798800754964	0.2559523809523808
8	0.22242348722866423	0.24479166666666666
9	0.23910671141188847	0.23518518518518491
10	0.25530313634903445	0.22583333333333344
11	0.27084702660336046	0.22121212121212136
12	0.2785179320867659	0.20972222222222225
13	0.2844885046563613	0.2006410256410254
14	0.294498647492591	0.19345238095238093
15	0.30222686744974125	0.18722222222222207
16	0.31617341985672953	0.18489583333333334
17	0.32486334954895113	0.17990196078431347
18	0.3338892507295956	0.1754629629629629
19	0.34078191227621707	0.17192982456140343
20	0.3470630518996251	0.16916666666666666
21	0.3538197168554308	0.1662698412698411
22	0.3597797310066881	0.16287878787878793
23	0.3657662975753657	0.15942028985507242
24	0.3712947258505392	0.15590277777777775
25	0.37165560771744505	0.1506666666666665
