1	0.06965577160006704	0.6583333333333333
2	0.09641195460874258	0.475
3	0.12121310235370968	0.3972222222222222
4	0.14484857387774913	0.35833333333333334
5	0.16506927455362427	0.3283333333333332
6	0.17553663074939777	0.2902777777777777
7	0.18371066467924557	0.2654761904761902
8	0.18880029646219132	0.240625
9	0.1998820094142693	0.22870370370370333
10	0.21170820799366194	0.21833333333333327
11	0.22127524869612858	0.20757575757575772
12	0.23252882491294014	0.19930555555555554
13	0.23978764290017537	0.19038461538461515
14	0.24565262809442884	0.18214285714285713
15	0.2530893261882567	0.176111111111111
16	0.26375987384046823	0.1734375
17	0.27230771895554645	0.17107843137254877
18	0.27827140995136723	0.1662037037037036
19	0.2858792965124122	0.16315789473684203
20	0.2919455862345433	0.15916666666666668
21	0.3002780301445141	0.1575396825396823
22	0.3019920579546062	0.15303030303030302
23	0.30924088304178793	0.15108695652173912
24	0.3119505780308947	0.1465277777777777
25	0.3184464304368978	0.14399999999999985
