1	0.012195121951219513	1.0
2	0.024390243902439025	1.0
3	0.036585365853658534	1.0
4	0.04878048780487805	1.0
5	0.04878048780487805	0.8
6	0.04878048780487805	0.6666666666666666
7	0.06097560975609756	0.7142857142857143
8	0.07317073170731707	0.75
9	0.07317073170731707	0.6666666666666666
10	0.07317073170731707	0.6
11	0.07317073170731707	0.5454545454545454
12	0.07317073170731707	0.5
13	0.07317073170731707	0.46153846153846156
14	0.07317073170731707	0.42857142857142855
15	0.08536585365853659	0.4666666666666667
