1	0.06666666666666667	1.0
2	0.13333333333333333	1.0
3	0.13333333333333333	0.6666666666666666
4	0.13333333333333333	0.5
5	0.13333333333333333	0.4
6	0.13333333333333333	0.3333333333333333
7	0.13333333333333333	0.2857142857142857
8	0.13333333333333333	0.25
9	0.2	0.3333333333333333
10	0.2	0.3
11	0.26666666666666666	0.36363636363636365
12	0.26666666666666666	0.3333333333333333
13	0.26666666666666666	0.3076923076923077
14	0.26666666666666666	0.2857142857142857
15	0.26666666666666666	0.26666666666666666
