1	0.014492753623188406	1.0
2	0.014492753623188406	0.5
3	0.014492753623188406	0.3333333333333333
4	0.028985507246376812	0.5
5	0.028985507246376812	0.4
6	0.028985507246376812	0.3333333333333333
7	0.043478260869565216	0.42857142857142855
8	0.043478260869565216	0.375
9	0.057971014492753624	0.4444444444444444
10	0.057971014492753624	0.4
11	0.057971014492753624	0.36363636363636365
12	0.057971014492753624	0.3333333333333333
13	0.057971014492753624	0.3076923076923077
14	0.07246376811594203	0.35714285714285715
15	0.07246376811594203	0.3333333333333333
