1	0.013888888888888888	1.0
2	0.027777777777777776	1.0
3	0.027777777777777776	0.6666666666666666
4	0.027777777777777776	0.5
5	0.027777777777777776	0.4
6	0.027777777777777776	0.3333333333333333
7	0.041666666666666664	0.42857142857142855
8	0.041666666666666664	0.375
9	0.041666666666666664	0.3333333333333333
10	0.041666666666666664	0.3
11	0.041666666666666664	0.2727272727272727
12	0.05555555555555555	0.3333333333333333
13	0.06944444444444445	0.38461538461538464
14	0.06944444444444445	0.35714285714285715
15	0.06944444444444445	0.3333333333333333
