1	0.010752688172043012	1.0
2	0.021505376344086023	1.0
3	0.03225806451612903	1.0
4	0.03225806451612903	0.75
5	0.03225806451612903	0.6
6	0.043010752688172046	0.6666666666666666
7	0.053763440860215055	0.7142857142857143
8	0.06451612903225806	0.75
9	0.07526881720430108	0.7777777777777778
10	0.07526881720430108	0.7
11	0.08602150537634409	0.7272727272727273
12	0.08602150537634409	0.6666666666666666
13	0.0967741935483871	0.6923076923076923
14	0.0967741935483871	0.6428571428571429
15	0.0967741935483871	0.6
