1	0.0	0.0
2	0.014285714285714285	0.5
3	0.014285714285714285	0.3333333333333333
4	0.014285714285714285	0.25
5	0.014285714285714285	0.2
6	0.014285714285714285	0.16666666666666666
7	0.014285714285714285	0.14285714285714285
8	0.014285714285714285	0.125
9	0.02857142857142857	0.2222222222222222
10	0.02857142857142857	0.2
11	0.04285714285714286	0.2727272727272727
12	0.04285714285714286	0.25
13	0.05714285714285714	0.3076923076923077
14	0.05714285714285714	0.2857142857142857
15	0.05714285714285714	0.26666666666666666
