1	0.029411764705882353	1.0
2	0.058823529411764705	1.0
3	0.058823529411764705	0.6666666666666666
4	0.08823529411764706	0.75
5	0.08823529411764706	0.6
6	0.08823529411764706	0.5
7	0.08823529411764706	0.42857142857142855
8	0.08823529411764706	0.375
9	0.08823529411764706	0.3333333333333333
10	0.08823529411764706	0.3
11	0.11764705882352941	0.36363636363636365
12	0.11764705882352941	0.3333333333333333
13	0.14705882352941177	0.38461538461538464
14	0.14705882352941177	0.35714285714285715
15	0.14705882352941177	0.3333333333333333
