1	0.058823529411764705	1.0
2	0.11764705882352941	1.0
3	0.17647058823529413	1.0
4	0.23529411764705882	1.0
5	0.23529411764705882	0.8
6	0.29411764705882354	0.8333333333333334
7	0.35294117647058826	0.8571428571428571
8	0.35294117647058826	0.75
9	0.4117647058823529	0.7777777777777778
10	0.4117647058823529	0.7
11	0.4117647058823529	0.6363636363636364
12	0.47058823529411764	0.6666666666666666
13	0.5294117647058824	0.6923076923076923
14	0.5294117647058824	0.6428571428571429
15	0.5882352941176471	0.6666666666666666
