1	0.058823529411764705	1.0
2	0.058823529411764705	0.5
3	0.058823529411764705	0.3333333333333333
4	0.058823529411764705	0.25
5	0.058823529411764705	0.2
6	0.058823529411764705	0.16666666666666666
7	0.058823529411764705	0.14285714285714285
8	0.058823529411764705	0.125
9	0.058823529411764705	0.1111111111111111
10	0.11764705882352941	0.2
11	0.11764705882352941	0.18181818181818182
12	0.11764705882352941	0.16666666666666666
13	0.11764705882352941	0.15384615384615385
14	0.11764705882352941	0.14285714285714285
15	0.11764705882352941	0.13333333333333333
