1	0.0	0.0
2	0.0	0.0
3	0.01639344262295082	0.3333333333333333
4	0.01639344262295082	0.25
5	0.03278688524590164	0.4
6	0.03278688524590164	0.3333333333333333
7	0.03278688524590164	0.2857142857142857
8	0.03278688524590164	0.25
9	0.04918032786885246	0.3333333333333333
10	0.04918032786885246	0.3
11	0.04918032786885246	0.2727272727272727
12	0.06557377049180328	0.3333333333333333
13	0.06557377049180328	0.3076923076923077
14	0.06557377049180328	0.2857142857142857
15	0.06557377049180328	0.26666666666666666
