1	0.017857142857142856	1.0
2	0.017857142857142856	0.5
3	0.03571428571428571	0.6666666666666666
4	0.03571428571428571	0.5
5	0.05357142857142857	0.6
6	0.05357142857142857	0.5
7	0.07142857142857142	0.5714285714285714
8	0.07142857142857142	0.5
9	0.07142857142857142	0.4444444444444444
10	0.07142857142857142	0.4
11	0.07142857142857142	0.36363636363636365
12	0.07142857142857142	0.3333333333333333
13	0.07142857142857142	0.3076923076923077
14	0.07142857142857142	0.2857142857142857
15	0.07142857142857142	0.26666666666666666
