1	0.05263157894736842	1.0
2	0.05263157894736842	0.5
3	0.05263157894736842	0.3333333333333333
4	0.05263157894736842	0.25
5	0.05263157894736842	0.2
6	0.10526315789473684	0.3333333333333333
7	0.10526315789473684	0.2857142857142857
8	0.10526315789473684	0.25
9	0.10526315789473684	0.2222222222222222
10	0.10526315789473684	0.2
11	0.15789473684210525	0.2727272727272727
12	0.15789473684210525	0.25
13	0.15789473684210525	0.23076923076923078
14	0.15789473684210525	0.21428571428571427
15	0.15789473684210525	0.2
