1	0.02040816326530612	1.0
2	0.04081632653061224	1.0
3	0.04081632653061224	0.6666666666666666
4	0.04081632653061224	0.5
5	0.061224489795918366	0.6
6	0.08163265306122448	0.6666666666666666
7	0.10204081632653061	0.7142857142857143
8	0.10204081632653061	0.625
9	0.12244897959183673	0.6666666666666666
10	0.12244897959183673	0.6
11	0.12244897959183673	0.5454545454545454
12	0.14285714285714285	0.5833333333333334
13	0.16326530612244897	0.6153846153846154
14	0.16326530612244897	0.5714285714285714
15	0.16326530612244897	0.5333333333333333
