1	0.058823529411764705	1.0
2	0.11764705882352941	1.0
3	0.17647058823529413	1.0
4	0.17647058823529413	0.75
5	0.23529411764705882	0.8
6	0.23529411764705882	0.6666666666666666
7	0.23529411764705882	0.5714285714285714
8	0.29411764705882354	0.625
9	0.29411764705882354	0.5555555555555556
10	0.29411764705882354	0.5
11	0.29411764705882354	0.45454545454545453
12	0.29411764705882354	0.4166666666666667
13	0.29411764705882354	0.38461538461538464
14	0.29411764705882354	0.35714285714285715
15	0.29411764705882354	0.3333333333333333
