1	0.022727272727272728	1.0
2	0.045454545454545456	1.0
3	0.06818181818181818	1.0
4	0.09090909090909091	1.0
5	0.09090909090909091	0.8
6	0.09090909090909091	0.6666666666666666
7	0.09090909090909091	0.5714285714285714
8	0.09090909090909091	0.5
9	0.09090909090909091	0.4444444444444444
10	0.09090909090909091	0.4
11	0.09090909090909091	0.36363636363636365
12	0.11363636363636363	0.4166666666666667
13	0.11363636363636363	0.38461538461538464
14	0.11363636363636363	0.35714285714285715
15	0.13636363636363635	0.4
