1	0.02631578947368421	1.0
2	0.05263157894736842	1.0
3	0.05263157894736842	0.6666666666666666
4	0.05263157894736842	0.5
5	0.05263157894736842	0.4
6	0.05263157894736842	0.3333333333333333
7	0.05263157894736842	0.2857142857142857
8	0.05263157894736842	0.25
9	0.05263157894736842	0.2222222222222222
10	0.05263157894736842	0.2
11	0.05263157894736842	0.18181818181818182
12	0.05263157894736842	0.16666666666666666
13	0.07894736842105263	0.23076923076923078
14	0.07894736842105263	0.21428571428571427
15	0.07894736842105263	0.2
