1	0.038461538461538464	1.0
2	0.07692307692307693	1.0
3	0.11538461538461539	1.0
4	0.11538461538461539	0.75
5	0.11538461538461539	0.6
6	0.11538461538461539	0.5
7	0.11538461538461539	0.42857142857142855
8	0.11538461538461539	0.375
9	0.11538461538461539	0.3333333333333333
10	0.15384615384615385	0.4
11	0.15384615384615385	0.36363636363636365
12	0.15384615384615385	0.3333333333333333
13	0.15384615384615385	0.3076923076923077
14	0.15384615384615385	0.2857142857142857
15	0.15384615384615385	0.26666666666666666
