1	0.0	0.0
2	0.0	0.0
3	0.0	0.0
4	0.0	0.0
5	0.0	0.0
6	0.0	0.0
7	0.0	0.0
8	0.0	0.0
9	0.0	0.0
10	0.0	0.0
11	0.02857142857142857	0.09090909090909091
12	0.02857142857142857	0.08333333333333333
13	0.02857142857142857	0.07692307692307693
14	0.02857142857142857	0.07142857142857142
15	0.05714285714285714	0.13333333333333333
16	0.05714285714285714	0.125
17	0.05714285714285714	0.11764705882352941
18	0.05714285714285714	0.1111111111111111
19	0.05714285714285714	0.10526315789473684
20	0.05714285714285714	0.1
21	0.08571428571428572	0.14285714285714285
22	0.08571428571428572	0.13636363636363635
23	0.11428571428571428	0.17391304347826086
24	0.11428571428571428	0.16666666666666666
25	0.11428571428571428	0.16
26	0.14285714285714285	0.19230769230769232
27	0.14285714285714285	0.18518518518518517
28	0.14285714285714285	0.17857142857142858
29	0.14285714285714285	0.1724137931034483
30	0.17142857142857143	0.2
