1	0.041666666666666664	1.0
2	0.041666666666666664	0.5
3	0.041666666666666664	0.3333333333333333
4	0.041666666666666664	0.25
5	0.041666666666666664	0.2
6	0.08333333333333333	0.3333333333333333
7	0.125	0.42857142857142855
8	0.125	0.375
9	0.125	0.3333333333333333
10	0.125	0.3
11	0.125	0.2727272727272727
12	0.125	0.25
13	0.125	0.23076923076923078
14	0.125	0.21428571428571427
15	0.16666666666666666	0.26666666666666666
16	0.20833333333333334	0.3125
17	0.20833333333333334	0.29411764705882354
18	0.20833333333333334	0.2777777777777778
19	0.20833333333333334	0.2631578947368421
20	0.20833333333333334	0.25
21	0.20833333333333334	0.23809523809523808
22	0.20833333333333334	0.22727272727272727
23	0.20833333333333334	0.21739130434782608
24	0.20833333333333334	0.20833333333333334
25	0.25	0.24
26	0.2916666666666667	0.2692307692307692
27	0.2916666666666667	0.25925925925925924
28	0.2916666666666667	0.25
29	0.2916666666666667	0.2413793103448276
30	0.2916666666666667	0.23333333333333334
