1	0.0	0.0
2	0.09090909090909091	0.5
3	0.09090909090909091	0.3333333333333333
4	0.09090909090909091	0.25
5	0.09090909090909091	0.2
6	0.09090909090909091	0.16666666666666666
7	0.09090909090909091	0.14285714285714285
8	0.09090909090909091	0.125
9	0.09090909090909091	0.1111111111111111
10	0.09090909090909091	0.1
11	0.09090909090909091	0.09090909090909091
12	0.09090909090909091	0.08333333333333333
13	0.09090909090909091	0.07692307692307693
14	0.09090909090909091	0.07142857142857142
15	0.18181818181818182	0.13333333333333333
16	0.18181818181818182	0.125
17	0.2727272727272727	0.17647058823529413
18	0.36363636363636365	0.2222222222222222
19	0.36363636363636365	0.21052631578947367
20	0.36363636363636365	0.2
21	0.36363636363636365	0.19047619047619047
22	0.45454545454545453	0.22727272727272727
23	0.45454545454545453	0.21739130434782608
24	0.45454545454545453	0.20833333333333334
25	0.5454545454545454	0.24
26	0.5454545454545454	0.23076923076923078
27	0.6363636363636364	0.25925925925925924
28	0.6363636363636364	0.25
29	0.6363636363636364	0.2413793103448276
30	0.6363636363636364	0.23333333333333334
