1	0.0	0.0
2	0.05555555555555555	0.5
3	0.05555555555555555	0.3333333333333333
4	0.05555555555555555	0.25
5	0.05555555555555555	0.2
6	0.05555555555555555	0.16666666666666666
7	0.1111111111111111	0.2857142857142857
8	0.1111111111111111	0.25
9	0.1111111111111111	0.2222222222222222
10	0.1111111111111111	0.2
11	0.1111111111111111	0.18181818181818182
12	0.1111111111111111	0.16666666666666666
13	0.1111111111111111	0.15384615384615385
14	0.1111111111111111	0.14285714285714285
15	0.16666666666666666	0.2
16	0.16666666666666666	0.1875
17	0.16666666666666666	0.17647058823529413
18	0.16666666666666666	0.16666666666666666
19	0.16666666666666666	0.15789473684210525
20	0.16666666666666666	0.15
21	0.16666666666666666	0.14285714285714285
22	0.2222222222222222	0.18181818181818182
23	0.2222222222222222	0.17391304347826086
24	0.2222222222222222	0.16666666666666666
25	0.2222222222222222	0.16
26	0.2222222222222222	0.15384615384615385
27	0.2222222222222222	0.14814814814814814
28	0.2222222222222222	0.14285714285714285
29	0.2222222222222222	0.13793103448275862
30	0.2222222222222222	0.13333333333333333
