1	0.07142857142857142	1.0
2	0.07142857142857142	0.5
3	0.07142857142857142	0.3333333333333333
4	0.07142857142857142	0.25
5	0.07142857142857142	0.2
6	0.07142857142857142	0.16666666666666666
7	0.14285714285714285	0.2857142857142857
8	0.14285714285714285	0.25
9	0.14285714285714285	0.2222222222222222
10	0.14285714285714285	0.2
11	0.21428571428571427	0.2727272727272727
12	0.21428571428571427	0.25
13	0.21428571428571427	0.23076923076923078
14	0.21428571428571427	0.21428571428571427
15	0.21428571428571427	0.2
16	0.21428571428571427	0.1875
17	0.2857142857142857	0.23529411764705882
18	0.2857142857142857	0.2222222222222222
19	0.2857142857142857	0.21052631578947367
20	0.2857142857142857	0.2
21	0.2857142857142857	0.19047619047619047
22	0.2857142857142857	0.18181818181818182
23	0.35714285714285715	0.21739130434782608
24	0.35714285714285715	0.20833333333333334
25	0.42857142857142855	0.24
26	0.42857142857142855	0.23076923076923078
27	0.42857142857142855	0.2222222222222222
28	0.42857142857142855	0.21428571428571427
29	0.5	0.2413793103448276
30	0.5	0.23333333333333334
