1	0.0	0.0
2	0.0	0.0
3	0.03333333333333333	0.3333333333333333
4	0.06666666666666667	0.5
5	0.06666666666666667	0.4
6	0.06666666666666667	0.3333333333333333
7	0.06666666666666667	0.2857142857142857
8	0.06666666666666667	0.25
9	0.06666666666666667	0.2222222222222222
10	0.06666666666666667	0.2
11	0.06666666666666667	0.18181818181818182
12	0.06666666666666667	0.16666666666666666
13	0.06666666666666667	0.15384615384615385
14	0.06666666666666667	0.14285714285714285
15	0.06666666666666667	0.13333333333333333
16	0.06666666666666667	0.125
17	0.06666666666666667	0.11764705882352941
18	0.06666666666666667	0.1111111111111111
19	0.1	0.15789473684210525
20	0.13333333333333333	0.2
21	0.16666666666666666	0.23809523809523808
22	0.2	0.2727272727272727
23	0.2	0.2608695652173913
24	0.2	0.25
25	0.2	0.24
26	0.2	0.23076923076923078
27	0.2	0.2222222222222222
28	0.2	0.21428571428571427
29	0.2	0.20689655172413793
30	0.23333333333333334	0.23333333333333334
