1	0.020833333333333332	1.0
2	0.020833333333333332	0.5
3	0.041666666666666664	0.6666666666666666
4	0.041666666666666664	0.5
5	0.0625	0.6
6	0.0625	0.5
7	0.0625	0.42857142857142855
8	0.0625	0.375
9	0.08333333333333333	0.4444444444444444
10	0.08333333333333333	0.4
11	0.08333333333333333	0.36363636363636365
12	0.08333333333333333	0.3333333333333333
13	0.08333333333333333	0.3076923076923077
14	0.08333333333333333	0.2857142857142857
15	0.08333333333333333	0.26666666666666666
16	0.08333333333333333	0.25
17	0.10416666666666667	0.29411764705882354
18	0.10416666666666667	0.2777777777777778
19	0.125	0.3157894736842105
20	0.14583333333333334	0.35
21	0.14583333333333334	0.3333333333333333
22	0.14583333333333334	0.3181818181818182
23	0.16666666666666666	0.34782608695652173
24	0.16666666666666666	0.3333333333333333
25	0.16666666666666666	0.32
26	0.16666666666666666	0.3076923076923077
27	0.16666666666666666	0.2962962962962963
28	0.16666666666666666	0.2857142857142857
29	0.16666666666666666	0.27586206896551724
30	0.1875	0.3
