1	0.0	0.0
2	0.0625	0.5
3	0.0625	0.3333333333333333
4	0.0625	0.25
5	0.0625	0.2
6	0.0625	0.16666666666666666
7	0.0625	0.14285714285714285
8	0.125	0.25
9	0.125	0.2222222222222222
10	0.125	0.2
11	0.125	0.18181818181818182
12	0.125	0.16666666666666666
13	0.125	0.15384615384615385
14	0.125	0.14285714285714285
15	0.125	0.13333333333333333
16	0.1875	0.1875
17	0.1875	0.17647058823529413
18	0.1875	0.16666666666666666
19	0.1875	0.15789473684210525
20	0.1875	0.15
21	0.1875	0.14285714285714285
22	0.1875	0.13636363636363635
23	0.1875	0.13043478260869565
24	0.1875	0.125
25	0.1875	0.12
26	0.1875	0.11538461538461539
27	0.25	0.14814814814814814
28	0.25	0.14285714285714285
29	0.25	0.13793103448275862
30	0.25	0.13333333333333333
