1	0.01639344262295082	1.0
2	0.03278688524590164	1.0
3	0.04918032786885246	1.0
4	0.04918032786885246	0.75
5	0.04918032786885246	0.6
6	0.04918032786885246	0.5
7	0.06557377049180328	0.5714285714285714
8	0.08196721311475409	0.625
9	0.08196721311475409	0.5555555555555556
10	0.08196721311475409	0.5
11	0.08196721311475409	0.45454545454545453
12	0.08196721311475409	0.4166666666666667
13	0.08196721311475409	0.38461538461538464
14	0.08196721311475409	0.35714285714285715
15	0.09836065573770492	0.4
16	0.09836065573770492	0.375
17	0.11475409836065574	0.4117647058823529
18	0.11475409836065574	0.3888888888888889
19	0.11475409836065574	0.3684210526315789
20	0.11475409836065574	0.35
21	0.13114754098360656	0.38095238095238093
22	0.14754098360655737	0.4090909090909091
23	0.14754098360655737	0.391304347826087
24	0.14754098360655737	0.375
25	0.16393442622950818	0.4
26	0.16393442622950818	0.38461538461538464
27	0.16393442622950818	0.37037037037037035
28	0.18032786885245902	0.39285714285714285
29	0.18032786885245902	0.3793103448275862
30	0.18032786885245902	0.36666666666666664
