1	0.012048192771084338	1.0
2	0.012048192771084338	0.5
3	0.012048192771084338	0.3333333333333333
4	0.012048192771084338	0.25
5	0.012048192771084338	0.2
6	0.012048192771084338	0.16666666666666666
7	0.012048192771084338	0.14285714285714285
8	0.012048192771084338	0.125
9	0.012048192771084338	0.1111111111111111
10	0.012048192771084338	0.1
11	0.012048192771084338	0.09090909090909091
12	0.012048192771084338	0.08333333333333333
13	0.012048192771084338	0.07692307692307693
14	0.024096385542168676	0.14285714285714285
15	0.024096385542168676	0.13333333333333333
16	0.03614457831325301	0.1875
17	0.04819277108433735	0.23529411764705882
18	0.060240963855421686	0.2777777777777778
19	0.060240963855421686	0.2631578947368421
20	0.07228915662650602	0.3
21	0.08433734939759036	0.3333333333333333
22	0.0963855421686747	0.36363636363636365
23	0.10843373493975904	0.391304347826087
24	0.10843373493975904	0.375
25	0.12048192771084337	0.4
26	0.12048192771084337	0.38461538461538464
27	0.13253012048192772	0.4074074074074074
28	0.13253012048192772	0.39285714285714285
29	0.14457831325301204	0.41379310344827586
30	0.14457831325301204	0.4
