1	0.011494252873563218	1.0
2	0.011494252873563218	0.5
3	0.022988505747126436	0.6666666666666666
4	0.022988505747126436	0.5
5	0.022988505747126436	0.4
6	0.022988505747126436	0.3333333333333333
7	0.022988505747126436	0.2857142857142857
8	0.022988505747126436	0.25
9	0.022988505747126436	0.2222222222222222
10	0.034482758620689655	0.3
11	0.034482758620689655	0.2727272727272727
12	0.04597701149425287	0.3333333333333333
13	0.04597701149425287	0.3076923076923077
14	0.04597701149425287	0.2857142857142857
15	0.04597701149425287	0.26666666666666666
16	0.04597701149425287	0.25
17	0.05747126436781609	0.29411764705882354
18	0.06896551724137931	0.3333333333333333
19	0.06896551724137931	0.3157894736842105
20	0.08045977011494253	0.35
21	0.09195402298850575	0.38095238095238093
22	0.09195402298850575	0.36363636363636365
23	0.09195402298850575	0.34782608695652173
24	0.10344827586206896	0.375
25	0.10344827586206896	0.36
26	0.11494252873563218	0.38461538461538464
27	0.11494252873563218	0.37037037037037035
28	0.12643678160919541	0.39285714285714285
29	0.12643678160919541	0.3793103448275862
30	0.12643678160919541	0.36666666666666664
