1	0.01694915254237288	1.0
2	0.03389830508474576	1.0
3	0.03389830508474576	0.6666666666666666
4	0.03389830508474576	0.5
5	0.03389830508474576	0.4
6	0.03389830508474576	0.3333333333333333
7	0.03389830508474576	0.2857142857142857
8	0.03389830508474576	0.25
9	0.03389830508474576	0.2222222222222222
10	0.03389830508474576	0.2
11	0.03389830508474576	0.18181818181818182
12	0.03389830508474576	0.16666666666666666
13	0.03389830508474576	0.15384615384615385
14	0.03389830508474576	0.14285714285714285
15	0.03389830508474576	0.13333333333333333
16	0.03389830508474576	0.125
17	0.03389830508474576	0.11764705882352941
18	0.03389830508474576	0.1111111111111111
19	0.05084745762711865	0.15789473684210525
20	0.05084745762711865	0.15
21	0.05084745762711865	0.14285714285714285
22	0.06779661016949153	0.18181818181818182
23	0.06779661016949153	0.17391304347826086
24	0.06779661016949153	0.16666666666666666
25	0.06779661016949153	0.16
26	0.06779661016949153	0.15384615384615385
27	0.0847457627118644	0.18518518518518517
28	0.0847457627118644	0.17857142857142858
29	0.0847457627118644	0.1724137931034483
30	0.0847457627118644	0.16666666666666666
