1	0.045454545454545456	1.0
2	0.045454545454545456	0.5
3	0.09090909090909091	0.6666666666666666
4	0.09090909090909091	0.5
5	0.13636363636363635	0.6
6	0.13636363636363635	0.5
7	0.18181818181818182	0.5714285714285714
8	0.22727272727272727	0.625
9	0.2727272727272727	0.6666666666666666
10	0.2727272727272727	0.6
11	0.2727272727272727	0.5454545454545454
12	0.2727272727272727	0.5
13	0.3181818181818182	0.5384615384615384
14	0.36363636363636365	0.5714285714285714
15	0.36363636363636365	0.5333333333333333
