1	0.058823529411764705	1.0
2	0.058823529411764705	0.5
3	0.058823529411764705	0.3333333333333333
4	0.058823529411764705	0.25
5	0.11764705882352941	0.4
6	0.11764705882352941	0.3333333333333333
7	0.17647058823529413	0.42857142857142855
8	0.17647058823529413	0.375
9	0.17647058823529413	0.3333333333333333
10	0.17647058823529413	0.3
11	0.17647058823529413	0.2727272727272727
12	0.17647058823529413	0.25
13	0.17647058823529413	0.23076923076923078
14	0.23529411764705882	0.2857142857142857
15	0.23529411764705882	0.26666666666666666
