1	0.043478260869565216	1.0
2	0.043478260869565216	0.5
3	0.043478260869565216	0.3333333333333333
4	0.043478260869565216	0.25
5	0.043478260869565216	0.2
6	0.043478260869565216	0.16666666666666666
7	0.08695652173913043	0.2857142857142857
8	0.13043478260869565	0.375
9	0.17391304347826086	0.4444444444444444
10	0.21739130434782608	0.5
11	0.21739130434782608	0.45454545454545453
12	0.2608695652173913	0.5
13	0.2608695652173913	0.46153846153846156
14	0.2608695652173913	0.42857142857142855
15	0.2608695652173913	0.4
