1	0.030303030303030304	1.0
2	0.06060606060606061	1.0
3	0.09090909090909091	1.0
4	0.09090909090909091	0.75
5	0.12121212121212122	0.8
6	0.12121212121212122	0.6666666666666666
7	0.12121212121212122	0.5714285714285714
8	0.12121212121212122	0.5
9	0.12121212121212122	0.4444444444444444
10	0.12121212121212122	0.4
11	0.12121212121212122	0.36363636363636365
12	0.15151515151515152	0.4166666666666667
13	0.15151515151515152	0.38461538461538464
14	0.15151515151515152	0.35714285714285715
15	0.15151515151515152	0.3333333333333333
