1	0.05555555555555555	1.0
2	0.05555555555555555	0.5
3	0.05555555555555555	0.3333333333333333
4	0.05555555555555555	0.25
5	0.05555555555555555	0.2
6	0.05555555555555555	0.16666666666666666
7	0.05555555555555555	0.14285714285714285
8	0.1111111111111111	0.25
9	0.1111111111111111	0.2222222222222222
10	0.1111111111111111	0.2
11	0.16666666666666666	0.2727272727272727
12	0.16666666666666666	0.25
13	0.16666666666666666	0.23076923076923078
14	0.16666666666666666	0.21428571428571427
15	0.16666666666666666	0.2
