1	0.14285714285714285	1.0
2	0.2857142857142857	1.0
3	0.2857142857142857	0.6666666666666666
4	0.2857142857142857	0.5
5	0.2857142857142857	0.4
6	0.2857142857142857	0.3333333333333333
7	0.42857142857142855	0.42857142857142855
8	0.5714285714285714	0.5
9	0.5714285714285714	0.4444444444444444
10	0.5714285714285714	0.4
11	0.5714285714285714	0.36363636363636365
12	0.5714285714285714	0.3333333333333333
13	0.5714285714285714	0.3076923076923077
14	0.5714285714285714	0.2857142857142857
15	0.5714285714285714	0.26666666666666666
