1	0.007407407407407408	1.0
2	0.014814814814814815	1.0
3	0.014814814814814815	0.6666666666666666
4	0.014814814814814815	0.5
5	0.022222222222222223	0.6
6	0.022222222222222223	0.5
7	0.02962962962962963	0.5714285714285714
8	0.02962962962962963	0.5
9	0.02962962962962963	0.4444444444444444
10	0.02962962962962963	0.4
11	0.02962962962962963	0.36363636363636365
12	0.037037037037037035	0.4166666666666667
13	0.037037037037037035	0.38461538461538464
14	0.044444444444444446	0.42857142857142855
15	0.044444444444444446	0.4
