1	0.14285714285714285	1.0
2	0.2857142857142857	1.0
3	0.42857142857142855	1.0
4	0.5714285714285714	1.0
5	0.5714285714285714	0.8
6	0.5714285714285714	0.6666666666666666
7	0.5714285714285714	0.5714285714285714
8	0.5714285714285714	0.5
9	0.7142857142857143	0.5555555555555556
10	0.7142857142857143	0.5
11	0.7142857142857143	0.45454545454545453
12	0.7142857142857143	0.4166666666666667
13	0.7142857142857143	0.38461538461538464
14	0.7142857142857143	0.35714285714285715
15	0.7142857142857143	0.3333333333333333
