1	0.1111111111111111	1.0
2	0.1111111111111111	0.5
3	0.2222222222222222	0.6666666666666666
4	0.2222222222222222	0.5
5	0.2222222222222222	0.4
6	0.3333333333333333	0.5
7	0.3333333333333333	0.42857142857142855
8	0.4444444444444444	0.5
9	0.5555555555555556	0.5555555555555556
10	0.5555555555555556	0.5
11	0.5555555555555556	0.45454545454545453
12	0.5555555555555556	0.4166666666666667
13	0.5555555555555556	0.38461538461538464
14	0.5555555555555556	0.35714285714285715
15	0.5555555555555556	0.3333333333333333
