1	0.01818181818181818	1.0
2	0.03636363636363636	1.0
3	0.03636363636363636	0.6666666666666666
4	0.05454545454545454	0.75
5	0.05454545454545454	0.6
6	0.05454545454545454	0.5
7	0.05454545454545454	0.42857142857142855
8	0.05454545454545454	0.375
9	0.05454545454545454	0.3333333333333333
10	0.07272727272727272	0.4
11	0.07272727272727272	0.36363636363636365
12	0.07272727272727272	0.3333333333333333
13	0.07272727272727272	0.3076923076923077
14	0.07272727272727272	0.2857142857142857
15	0.07272727272727272	0.26666666666666666
