1	0.023809523809523808	1.0
2	0.047619047619047616	1.0
3	0.047619047619047616	0.6666666666666666
4	0.07142857142857142	0.75
5	0.07142857142857142	0.6
6	0.07142857142857142	0.5
7	0.09523809523809523	0.5714285714285714
8	0.09523809523809523	0.5
9	0.09523809523809523	0.4444444444444444
10	0.09523809523809523	0.4
11	0.09523809523809523	0.36363636363636365
12	0.09523809523809523	0.3333333333333333
13	0.09523809523809523	0.3076923076923077
14	0.11904761904761904	0.35714285714285715
15	0.11904761904761904	0.3333333333333333
