1	0.05555555555555555	1.0
2	0.05555555555555555	0.5
3	0.05555555555555555	0.3333333333333333
4	0.05555555555555555	0.25
5	0.05555555555555555	0.2
6	0.1111111111111111	0.3333333333333333
7	0.16666666666666666	0.42857142857142855
8	0.2222222222222222	0.5
9	0.2222222222222222	0.4444444444444444
10	0.2222222222222222	0.4
11	0.2222222222222222	0.36363636363636365
12	0.2222222222222222	0.3333333333333333
13	0.2222222222222222	0.3076923076923077
14	0.2222222222222222	0.2857142857142857
15	0.2222222222222222	0.26666666666666666
