1	0.01639344262295082	1.0
2	0.01639344262295082	0.5
3	0.03278688524590164	0.6666666666666666
4	0.04918032786885246	0.75
5	0.04918032786885246	0.6
6	0.06557377049180328	0.6666666666666666
7	0.06557377049180328	0.5714285714285714
8	0.06557377049180328	0.5
9	0.06557377049180328	0.4444444444444444
10	0.06557377049180328	0.4
11	0.06557377049180328	0.36363636363636365
12	0.06557377049180328	0.3333333333333333
13	0.08196721311475409	0.38461538461538464
14	0.08196721311475409	0.35714285714285715
15	0.09836065573770492	0.4
