1	0.05555555555555555	1.0
2	0.1111111111111111	1.0
3	0.1111111111111111	0.6666666666666666
4	0.16666666666666666	0.75
5	0.2222222222222222	0.8
6	0.2222222222222222	0.6666666666666666
7	0.2222222222222222	0.5714285714285714
8	0.2222222222222222	0.5
9	0.2222222222222222	0.4444444444444444
10	0.2222222222222222	0.4
11	0.2222222222222222	0.36363636363636365
12	0.2222222222222222	0.3333333333333333
13	0.2222222222222222	0.3076923076923077
14	0.2777777777777778	0.35714285714285715
15	0.2777777777777778	0.3333333333333333
