1	0.030303030303030304	1.0
2	0.030303030303030304	0.5
3	0.030303030303030304	0.3333333333333333
4	0.06060606060606061	0.5
5	0.06060606060606061	0.4
6	0.06060606060606061	0.3333333333333333
7	0.09090909090909091	0.42857142857142855
8	0.09090909090909091	0.375
9	0.09090909090909091	0.3333333333333333
10	0.09090909090909091	0.3
11	0.09090909090909091	0.2727272727272727
12	0.12121212121212122	0.3333333333333333
13	0.12121212121212122	0.3076923076923077
14	0.15151515151515152	0.35714285714285715
15	0.15151515151515152	0.3333333333333333
