1	0.043478260869565216	1.0
2	0.043478260869565216	0.5
3	0.043478260869565216	0.3333333333333333
4	0.043478260869565216	0.25
5	0.08695652173913043	0.4
6	0.08695652173913043	0.3333333333333333
7	0.08695652173913043	0.2857142857142857
8	0.08695652173913043	0.25
9	0.08695652173913043	0.2222222222222222
10	0.13043478260869565	0.3
11	0.13043478260869565	0.2727272727272727
12	0.13043478260869565	0.25
13	0.13043478260869565	0.23076923076923078
14	0.13043478260869565	0.21428571428571427
15	0.13043478260869565	0.2
