1	0.03571428571428571	1.0
2	0.07142857142857142	1.0
3	0.07142857142857142	0.6666666666666666
4	0.07142857142857142	0.5
5	0.07142857142857142	0.4
6	0.10714285714285714	0.5
7	0.10714285714285714	0.42857142857142855
8	0.10714285714285714	0.375
9	0.10714285714285714	0.3333333333333333
10	0.14285714285714285	0.4
11	0.14285714285714285	0.36363636363636365
12	0.14285714285714285	0.3333333333333333
13	0.14285714285714285	0.3076923076923077
14	0.14285714285714285	0.2857142857142857
15	0.17857142857142858	0.3333333333333333
