1	0.05555555555555555	1.0
2	0.05555555555555555	0.5
3	0.05555555555555555	0.3333333333333333
4	0.1111111111111111	0.5
5	0.1111111111111111	0.4
6	0.16666666666666666	0.5
7	0.16666666666666666	0.42857142857142855
8	0.16666666666666666	0.375
9	0.16666666666666666	0.3333333333333333
10	0.16666666666666666	0.3
11	0.16666666666666666	0.2727272727272727
12	0.16666666666666666	0.25
13	0.16666666666666666	0.23076923076923078
14	0.2222222222222222	0.2857142857142857
15	0.2777777777777778	0.3333333333333333
