1	0.0	0.0
2	0.06666666666666667	0.5
3	0.06666666666666667	0.3333333333333333
4	0.06666666666666667	0.25
5	0.06666666666666667	0.2
6	0.06666666666666667	0.16666666666666666
7	0.06666666666666667	0.14285714285714285
8	0.06666666666666667	0.125
9	0.13333333333333333	0.2222222222222222
10	0.13333333333333333	0.2
11	0.13333333333333333	0.18181818181818182
12	0.13333333333333333	0.16666666666666666
13	0.13333333333333333	0.15384615384615385
14	0.13333333333333333	0.14285714285714285
15	0.13333333333333333	0.13333333333333333
