1	0.027777777777777776	1.0
2	0.05555555555555555	1.0
3	0.05555555555555555	0.6666666666666666
4	0.08333333333333333	0.75
5	0.08333333333333333	0.6
6	0.08333333333333333	0.5
7	0.08333333333333333	0.42857142857142855
8	0.08333333333333333	0.375
9	0.08333333333333333	0.3333333333333333
10	0.08333333333333333	0.3
11	0.1111111111111111	0.36363636363636365
12	0.1388888888888889	0.4166666666666667
13	0.1388888888888889	0.38461538461538464
14	0.16666666666666666	0.42857142857142855
15	0.16666666666666666	0.4
