1	0.0	0.0
2	0.023255813953488372	0.5
3	0.023255813953488372	0.3333333333333333
4	0.046511627906976744	0.5
5	0.046511627906976744	0.4
6	0.06976744186046512	0.5
7	0.06976744186046512	0.42857142857142855
8	0.06976744186046512	0.375
9	0.09302325581395349	0.4444444444444444
10	0.09302325581395349	0.4
11	0.09302325581395349	0.36363636363636365
12	0.09302325581395349	0.3333333333333333
13	0.09302325581395349	0.3076923076923077
14	0.11627906976744186	0.35714285714285715
15	0.11627906976744186	0.3333333333333333
