1	0.05263157894736842	1.0
2	0.05263157894736842	0.5
3	0.05263157894736842	0.3333333333333333
4	0.10526315789473684	0.5
5	0.10526315789473684	0.4
6	0.10526315789473684	0.3333333333333333
7	0.10526315789473684	0.2857142857142857
8	0.15789473684210525	0.375
9	0.21052631578947367	0.4444444444444444
10	0.2631578947368421	0.5
11	0.2631578947368421	0.45454545454545453
12	0.2631578947368421	0.4166666666666667
13	0.2631578947368421	0.38461538461538464
14	0.2631578947368421	0.35714285714285715
15	0.2631578947368421	0.3333333333333333
