1	0.020833333333333332	1.0
2	0.041666666666666664	1.0
3	0.0625	1.0
4	0.08333333333333333	1.0
5	0.08333333333333333	0.8
6	0.08333333333333333	0.6666666666666666
7	0.08333333333333333	0.5714285714285714
8	0.08333333333333333	0.5
9	0.08333333333333333	0.4444444444444444
10	0.10416666666666667	0.5
11	0.10416666666666667	0.45454545454545453
12	0.10416666666666667	0.4166666666666667
13	0.10416666666666667	0.38461538461538464
14	0.10416666666666667	0.35714285714285715
15	0.10416666666666667	0.3333333333333333
