1	0.03571428571428571	1.0
2	0.07142857142857142	1.0
3	0.07142857142857142	0.6666666666666666
4	0.07142857142857142	0.5
5	0.10714285714285714	0.6
6	0.14285714285714285	0.6666666666666666
7	0.17857142857142858	0.7142857142857143
8	0.21428571428571427	0.75
9	0.21428571428571427	0.6666666666666666
10	0.25	0.7
11	0.2857142857142857	0.7272727272727273
12	0.32142857142857145	0.75
13	0.32142857142857145	0.6923076923076923
14	0.35714285714285715	0.7142857142857143
15	0.35714285714285715	0.6666666666666666
