1	0.07142857142857142	1.0
2	0.07142857142857142	0.5
3	0.07142857142857142	0.3333333333333333
4	0.14285714285714285	0.5
5	0.14285714285714285	0.4
6	0.14285714285714285	0.3333333333333333
7	0.21428571428571427	0.42857142857142855
8	0.21428571428571427	0.375
9	0.21428571428571427	0.3333333333333333
10	0.2857142857142857	0.4
11	0.2857142857142857	0.36363636363636365
12	0.2857142857142857	0.3333333333333333
13	0.2857142857142857	0.3076923076923077
14	0.2857142857142857	0.2857142857142857
15	0.2857142857142857	0.26666666666666666
