1	0.03225806451612903	1.0
2	0.03225806451612903	0.5
3	0.03225806451612903	0.3333333333333333
4	0.03225806451612903	0.25
5	0.03225806451612903	0.2
6	0.03225806451612903	0.16666666666666666
7	0.03225806451612903	0.14285714285714285
8	0.03225806451612903	0.125
9	0.03225806451612903	0.1111111111111111
10	0.03225806451612903	0.1
11	0.03225806451612903	0.09090909090909091
12	0.03225806451612903	0.08333333333333333
13	0.03225806451612903	0.07692307692307693
14	0.03225806451612903	0.07142857142857142
15	0.03225806451612903	0.06666666666666667
