1	0.014925373134328358	1.0
2	0.029850746268656716	1.0
3	0.029850746268656716	0.6666666666666666
4	0.029850746268656716	0.5
5	0.029850746268656716	0.4
6	0.029850746268656716	0.3333333333333333
7	0.029850746268656716	0.2857142857142857
8	0.029850746268656716	0.25
9	0.029850746268656716	0.2222222222222222
10	0.029850746268656716	0.2
11	0.029850746268656716	0.18181818181818182
12	0.029850746268656716	0.16666666666666666
13	0.029850746268656716	0.15384615384615385
14	0.029850746268656716	0.14285714285714285
15	0.04477611940298507	0.2
16	0.04477611940298507	0.1875
17	0.04477611940298507	0.17647058823529413
18	0.04477611940298507	0.16666666666666666
19	0.04477611940298507	0.15789473684210525
20	0.04477611940298507	0.15
21	0.05970149253731343	0.19047619047619047
22	0.05970149253731343	0.18181818181818182
23	0.07462686567164178	0.21739130434782608
24	0.08955223880597014	0.25
25	0.08955223880597014	0.24
26	0.1044776119402985	0.2692307692307692
27	0.1044776119402985	0.25925925925925924
28	0.11940298507462686	0.2857142857142857
29	0.13432835820895522	0.3103448275862069
30	0.13432835820895522	0.3
