1	0.021739130434782608	1.0
2	0.043478260869565216	1.0
3	0.043478260869565216	0.6666666666666666
4	0.06521739130434782	0.75
5	0.06521739130434782	0.6
6	0.08695652173913043	0.6666666666666666
7	0.08695652173913043	0.5714285714285714
8	0.10869565217391304	0.625
9	0.10869565217391304	0.5555555555555556
10	0.10869565217391304	0.5
11	0.10869565217391304	0.45454545454545453
12	0.13043478260869565	0.5
13	0.15217391304347827	0.5384615384615384
14	0.15217391304347827	0.5
15	0.15217391304347827	0.4666666666666667
16	0.15217391304347827	0.4375
17	0.15217391304347827	0.4117647058823529
18	0.15217391304347827	0.3888888888888889
19	0.15217391304347827	0.3684210526315789
20	0.17391304347826086	0.4
21	0.17391304347826086	0.38095238095238093
22	0.1956521739130435	0.4090909090909091
23	0.21739130434782608	0.43478260869565216
24	0.21739130434782608	0.4166666666666667
25	0.21739130434782608	0.4
26	0.21739130434782608	0.38461538461538464
27	0.21739130434782608	0.37037037037037035
28	0.21739130434782608	0.35714285714285715
29	0.21739130434782608	0.3448275862068966
30	0.21739130434782608	0.3333333333333333
