1	0.0	0.0
2	0.0	0.0
3	0.0	0.0
4	0.0	0.0
5	0.05263157894736842	0.2
6	0.05263157894736842	0.16666666666666666
7	0.05263157894736842	0.14285714285714285
8	0.05263157894736842	0.125
9	0.05263157894736842	0.1111111111111111
10	0.05263157894736842	0.1
11	0.05263157894736842	0.09090909090909091
12	0.05263157894736842	0.08333333333333333
13	0.10526315789473684	0.15384615384615385
14	0.10526315789473684	0.14285714285714285
15	0.15789473684210525	0.2
16	0.15789473684210525	0.1875
17	0.21052631578947367	0.23529411764705882
18	0.21052631578947367	0.2222222222222222
19	0.21052631578947367	0.21052631578947367
20	0.21052631578947367	0.2
21	0.2631578947368421	0.23809523809523808
22	0.2631578947368421	0.22727272727272727
23	0.3157894736842105	0.2608695652173913
24	0.3157894736842105	0.25
25	0.3157894736842105	0.24
26	0.3157894736842105	0.23076923076923078
27	0.3157894736842105	0.2222222222222222
28	0.3157894736842105	0.21428571428571427
29	0.3157894736842105	0.20689655172413793
30	0.3157894736842105	0.2
