1	0.03571428571428571	1.0
2	0.03571428571428571	0.5
3	0.03571428571428571	0.3333333333333333
4	0.03571428571428571	0.25
5	0.03571428571428571	0.2
6	0.03571428571428571	0.16666666666666666
7	0.03571428571428571	0.14285714285714285
8	0.03571428571428571	0.125
9	0.07142857142857142	0.2222222222222222
10	0.07142857142857142	0.2
11	0.07142857142857142	0.18181818181818182
12	0.07142857142857142	0.16666666666666666
13	0.07142857142857142	0.15384615384615385
14	0.07142857142857142	0.14285714285714285
15	0.07142857142857142	0.13333333333333333
16	0.07142857142857142	0.125
17	0.07142857142857142	0.11764705882352941
18	0.07142857142857142	0.1111111111111111
19	0.10714285714285714	0.15789473684210525
20	0.10714285714285714	0.15
21	0.14285714285714285	0.19047619047619047
22	0.17857142857142858	0.22727272727272727
23	0.17857142857142858	0.21739130434782608
24	0.17857142857142858	0.20833333333333334
25	0.21428571428571427	0.24
26	0.21428571428571427	0.23076923076923078
27	0.21428571428571427	0.2222222222222222
28	0.21428571428571427	0.21428571428571427
29	0.21428571428571427	0.20689655172413793
30	0.21428571428571427	0.2
