1	0.0	0.0
2	0.0	0.0
3	0.0	0.0
4	0.0	0.0
5	0.0	0.0
6	0.0	0.0
7	0.0	0.0
8	0.0	0.0
9	0.0	0.0
10	0.0	0.0
11	0.0	0.0
12	0.0	0.0
13	0.05	0.07692307692307693
14	0.05	0.07142857142857142
15	0.1	0.13333333333333333
16	0.1	0.125
17	0.1	0.11764705882352941
18	0.1	0.1111111111111111
19	0.1	0.10526315789473684
20	0.1	0.1
21	0.15	0.14285714285714285
22	0.15	0.13636363636363635
23	0.15	0.13043478260869565
24	0.2	0.16666666666666666
25	0.2	0.16
26	0.25	0.19230769230769232
27	0.25	0.18518518518518517
28	0.3	0.21428571428571427
29	0.35	0.2413793103448276
30	0.35	0.23333333333333334
