1	0.043478260869565216	1.0
2	0.043478260869565216	0.5
3	0.043478260869565216	0.3333333333333333
4	0.043478260869565216	0.25
5	0.043478260869565216	0.2
6	0.043478260869565216	0.16666666666666666
7	0.043478260869565216	0.14285714285714285
8	0.043478260869565216	0.125
9	0.043478260869565216	0.1111111111111111
10	0.043478260869565216	0.1
11	0.043478260869565216	0.09090909090909091
12	0.043478260869565216	0.08333333333333333
13	0.043478260869565216	0.07692307692307693
14	0.08695652173913043	0.14285714285714285
15	0.08695652173913043	0.13333333333333333
16	0.13043478260869565	0.1875
17	0.13043478260869565	0.17647058823529413
18	0.13043478260869565	0.16666666666666666
19	0.13043478260869565	0.15789473684210525
20	0.17391304347826086	0.2
21	0.17391304347826086	0.19047619047619047
22	0.21739130434782608	0.22727272727272727
23	0.2608695652173913	0.2608695652173913
24	0.2608695652173913	0.25
25	0.2608695652173913	0.24
26	0.30434782608695654	0.2692307692307692
27	0.30434782608695654	0.25925925925925924
28	0.34782608695652173	0.2857142857142857
29	0.34782608695652173	0.27586206896551724
30	0.34782608695652173	0.26666666666666666
