1	0.034482758620689655	1.0
2	0.034482758620689655	0.5
3	0.034482758620689655	0.3333333333333333
4	0.034482758620689655	0.25
5	0.034482758620689655	0.2
6	0.034482758620689655	0.16666666666666666
7	0.06896551724137931	0.2857142857142857
8	0.10344827586206896	0.375
9	0.10344827586206896	0.3333333333333333
10	0.10344827586206896	0.3
11	0.10344827586206896	0.2727272727272727
12	0.10344827586206896	0.25
13	0.10344827586206896	0.23076923076923078
14	0.10344827586206896	0.21428571428571427
15	0.10344827586206896	0.2
16	0.10344827586206896	0.1875
17	0.10344827586206896	0.17647058823529413
18	0.10344827586206896	0.16666666666666666
19	0.10344827586206896	0.15789473684210525
20	0.10344827586206896	0.15
21	0.13793103448275862	0.19047619047619047
22	0.13793103448275862	0.18181818181818182
23	0.13793103448275862	0.17391304347826086
24	0.13793103448275862	0.16666666666666666
25	0.13793103448275862	0.16
26	0.13793103448275862	0.15384615384615385
27	0.13793103448275862	0.14814814814814814
28	0.13793103448275862	0.14285714285714285
29	0.13793103448275862	0.13793103448275862
30	0.13793103448275862	0.13333333333333333
