1	0.0	0.0
2	0.0	0.0
3	0.0	0.0
4	0.0	0.0
5	0.0	0.0
6	0.0	0.0
7	0.0	0.0
8	0.0	0.0
9	0.0	0.0
10	0.0	0.0
11	0.0	0.0
12	0.0	0.0
13	0.05555555555555555	0.07692307692307693
14	0.05555555555555555	0.07142857142857142
15	0.1111111111111111	0.13333333333333333
16	0.1111111111111111	0.125
17	0.16666666666666666	0.17647058823529413
18	0.16666666666666666	0.16666666666666666
19	0.16666666666666666	0.15789473684210525
20	0.16666666666666666	0.15
21	0.16666666666666666	0.14285714285714285
22	0.16666666666666666	0.13636363636363635
23	0.16666666666666666	0.13043478260869565
24	0.16666666666666666	0.125
25	0.16666666666666666	0.12
26	0.2222222222222222	0.15384615384615385
27	0.2222222222222222	0.14814814814814814
28	0.2222222222222222	0.14285714285714285
29	0.2222222222222222	0.13793103448275862
30	0.2222222222222222	0.13333333333333333
