1	0.0	0.0
2	0.058823529411764705	0.5
3	0.11764705882352941	0.6666666666666666
4	0.11764705882352941	0.5
5	0.11764705882352941	0.4
6	0.11764705882352941	0.3333333333333333
7	0.11764705882352941	0.2857142857142857
8	0.11764705882352941	0.25
9	0.11764705882352941	0.2222222222222222
10	0.11764705882352941	0.2
11	0.11764705882352941	0.18181818181818182
12	0.17647058823529413	0.25
13	0.17647058823529413	0.23076923076923078
14	0.17647058823529413	0.21428571428571427
15	0.23529411764705882	0.26666666666666666
16	0.29411764705882354	0.3125
17	0.29411764705882354	0.29411764705882354
18	0.35294117647058826	0.3333333333333333
19	0.35294117647058826	0.3157894736842105
20	0.35294117647058826	0.3
21	0.35294117647058826	0.2857142857142857
22	0.4117647058823529	0.3181818181818182
23	0.4117647058823529	0.30434782608695654
24	0.4117647058823529	0.2916666666666667
25	0.4117647058823529	0.28
26	0.4117647058823529	0.2692307692307692
27	0.4117647058823529	0.25925925925925924
28	0.4117647058823529	0.25
29	0.47058823529411764	0.27586206896551724
30	0.47058823529411764	0.26666666666666666
