1	0.0	0.0
2	0.0	0.0
3	0.0	0.0
4	0.0	0.0
5	0.0	0.0
6	0.0	0.0
7	0.0	0.0
8	0.0	0.0
9	0.0	0.0
10	0.0	0.0
11	0.0	0.0
12	0.0625	0.08333333333333333
13	0.0625	0.07692307692307693
14	0.0625	0.07142857142857142
15	0.0625	0.06666666666666667
16	0.0625	0.0625
17	0.0625	0.058823529411764705
18	0.0625	0.05555555555555555
19	0.0625	0.05263157894736842
20	0.0625	0.05
21	0.0625	0.047619047619047616
22	0.0625	0.045454545454545456
23	0.125	0.08695652173913043
24	0.1875	0.125
25	0.1875	0.12
26	0.1875	0.11538461538461539
27	0.1875	0.1111111111111111
28	0.1875	0.10714285714285714
29	0.1875	0.10344827586206896
30	0.1875	0.1
