1	0.038461538461538464	1.0
2	0.07692307692307693	1.0
3	0.11538461538461539	1.0
4	0.15384615384615385	1.0
5	0.15384615384615385	0.8
6	0.15384615384615385	0.6666666666666666
7	0.15384615384615385	0.5714285714285714
8	0.15384615384615385	0.5
9	0.15384615384615385	0.4444444444444444
10	0.15384615384615385	0.4
11	0.15384615384615385	0.36363636363636365
12	0.15384615384615385	0.3333333333333333
13	0.15384615384615385	0.3076923076923077
14	0.15384615384615385	0.2857142857142857
15	0.15384615384615385	0.26666666666666666
16	0.19230769230769232	0.3125
17	0.23076923076923078	0.35294117647058826
18	0.23076923076923078	0.3333333333333333
19	0.23076923076923078	0.3157894736842105
20	0.23076923076923078	0.3
21	0.2692307692307692	0.3333333333333333
22	0.2692307692307692	0.3181818181818182
23	0.2692307692307692	0.30434782608695654
24	0.3076923076923077	0.3333333333333333
25	0.3076923076923077	0.32
26	0.3076923076923077	0.3076923076923077
27	0.34615384615384615	0.3333333333333333
28	0.34615384615384615	0.32142857142857145
29	0.34615384615384615	0.3103448275862069
30	0.34615384615384615	0.3
