1	0.058823529411764705	1.0
2	0.058823529411764705	0.5
3	0.058823529411764705	0.3333333333333333
4	0.058823529411764705	0.25
5	0.058823529411764705	0.2
6	0.11764705882352941	0.3333333333333333
7	0.11764705882352941	0.2857142857142857
8	0.11764705882352941	0.25
9	0.11764705882352941	0.2222222222222222
10	0.11764705882352941	0.2
11	0.11764705882352941	0.18181818181818182
12	0.11764705882352941	0.16666666666666666
13	0.11764705882352941	0.15384615384615385
14	0.17647058823529413	0.21428571428571427
15	0.17647058823529413	0.2
16	0.23529411764705882	0.25
17	0.23529411764705882	0.23529411764705882
18	0.23529411764705882	0.2222222222222222
19	0.23529411764705882	0.21052631578947367
20	0.23529411764705882	0.2
21	0.23529411764705882	0.19047619047619047
22	0.29411764705882354	0.22727272727272727
23	0.29411764705882354	0.21739130434782608
24	0.29411764705882354	0.20833333333333334
25	0.29411764705882354	0.2
26	0.29411764705882354	0.19230769230769232
27	0.29411764705882354	0.18518518518518517
28	0.29411764705882354	0.17857142857142858
29	0.29411764705882354	0.1724137931034483
30	0.29411764705882354	0.16666666666666666
