1	0.0	0.0
2	0.0	0.0
3	0.0	0.0
4	0.0	0.0
5	0.05263157894736842	0.2
6	0.05263157894736842	0.16666666666666666
7	0.05263157894736842	0.14285714285714285
8	0.05263157894736842	0.125
9	0.05263157894736842	0.1111111111111111
10	0.05263157894736842	0.1
11	0.05263157894736842	0.09090909090909091
12	0.05263157894736842	0.08333333333333333
13	0.10526315789473684	0.15384615384615385
14	0.15789473684210525	0.21428571428571427
15	0.15789473684210525	0.2
16	0.15789473684210525	0.1875
17	0.15789473684210525	0.17647058823529413
18	0.15789473684210525	0.16666666666666666
19	0.15789473684210525	0.15789473684210525
20	0.21052631578947367	0.2
21	0.21052631578947367	0.19047619047619047
22	0.21052631578947367	0.18181818181818182
23	0.21052631578947367	0.17391304347826086
24	0.21052631578947367	0.16666666666666666
25	0.21052631578947367	0.16
26	0.21052631578947367	0.15384615384615385
27	0.2631578947368421	0.18518518518518517
28	0.2631578947368421	0.17857142857142858
29	0.2631578947368421	0.1724137931034483
30	0.2631578947368421	0.16666666666666666
