1	0.14285714285714285	1.0
2	0.14285714285714285	0.5
3	0.14285714285714285	0.3333333333333333
4	0.14285714285714285	0.25
5	0.14285714285714285	0.2
6	0.14285714285714285	0.16666666666666666
7	0.14285714285714285	0.14285714285714285
8	0.14285714285714285	0.125
9	0.14285714285714285	0.1111111111111111
10	0.14285714285714285	0.1
11	0.14285714285714285	0.09090909090909091
12	0.14285714285714285	0.08333333333333333
13	0.14285714285714285	0.07692307692307693
14	0.14285714285714285	0.07142857142857142
15	0.14285714285714285	0.06666666666666667
16	0.14285714285714285	0.0625
17	0.14285714285714285	0.058823529411764705
18	0.14285714285714285	0.05555555555555555
19	0.2857142857142857	0.10526315789473684
20	0.2857142857142857	0.1
21	0.2857142857142857	0.09523809523809523
22	0.2857142857142857	0.09090909090909091
23	0.2857142857142857	0.08695652173913043
24	0.2857142857142857	0.08333333333333333
25	0.2857142857142857	0.08
26	0.2857142857142857	0.07692307692307693
27	0.2857142857142857	0.07407407407407407
28	0.2857142857142857	0.07142857142857142
29	0.2857142857142857	0.06896551724137931
30	0.2857142857142857	0.06666666666666667
