1	0.09090909090909091	1.0
2	0.09090909090909091	0.5
3	0.18181818181818182	0.6666666666666666
4	0.18181818181818182	0.5
5	0.18181818181818182	0.4
6	0.2727272727272727	0.5
7	0.2727272727272727	0.42857142857142855
8	0.36363636363636365	0.5
9	0.36363636363636365	0.4444444444444444
10	0.36363636363636365	0.4
11	0.36363636363636365	0.36363636363636365
12	0.45454545454545453	0.4166666666666667
13	0.5454545454545454	0.46153846153846156
14	0.6363636363636364	0.5
15	0.6363636363636364	0.4666666666666667
16	0.6363636363636364	0.4375
17	0.6363636363636364	0.4117647058823529
18	0.6363636363636364	0.3888888888888889
19	0.7272727272727273	0.42105263157894735
20	0.7272727272727273	0.4
21	0.7272727272727273	0.38095238095238093
22	0.7272727272727273	0.36363636363636365
23	0.8181818181818182	0.391304347826087
24	0.8181818181818182	0.375
25	0.8181818181818182	0.36
26	0.8181818181818182	0.34615384615384615
27	0.8181818181818182	0.3333333333333333
28	0.8181818181818182	0.32142857142857145
29	0.8181818181818182	0.3103448275862069
30	0.8181818181818182	0.3
