1	0.0	0.0
2	0.043478260869565216	0.5
3	0.043478260869565216	0.3333333333333333
4	0.043478260869565216	0.25
5	0.043478260869565216	0.2
6	0.043478260869565216	0.16666666666666666
7	0.043478260869565216	0.14285714285714285
8	0.043478260869565216	0.125
9	0.043478260869565216	0.1111111111111111
10	0.043478260869565216	0.1
11	0.043478260869565216	0.09090909090909091
12	0.08695652173913043	0.16666666666666666
13	0.13043478260869565	0.23076923076923078
14	0.13043478260869565	0.21428571428571427
15	0.17391304347826086	0.26666666666666666
16	0.17391304347826086	0.25
17	0.17391304347826086	0.23529411764705882
18	0.21739130434782608	0.2777777777777778
19	0.2608695652173913	0.3157894736842105
20	0.2608695652173913	0.3
21	0.2608695652173913	0.2857142857142857
22	0.2608695652173913	0.2727272727272727
23	0.2608695652173913	0.2608695652173913
24	0.30434782608695654	0.2916666666666667
25	0.30434782608695654	0.28
26	0.30434782608695654	0.2692307692307692
27	0.30434782608695654	0.25925925925925924
28	0.30434782608695654	0.25
29	0.30434782608695654	0.2413793103448276
30	0.30434782608695654	0.23333333333333334
