1	0.029411764705882353	1.0
2	0.058823529411764705	1.0
3	0.08823529411764706	1.0
4	0.11764705882352941	1.0
5	0.14705882352941177	1.0
6	0.14705882352941177	0.8333333333333334
7	0.14705882352941177	0.7142857142857143
8	0.14705882352941177	0.625
9	0.14705882352941177	0.5555555555555556
10	0.14705882352941177	0.5
11	0.14705882352941177	0.45454545454545453
12	0.14705882352941177	0.4166666666666667
13	0.14705882352941177	0.38461538461538464
14	0.14705882352941177	0.35714285714285715
15	0.14705882352941177	0.3333333333333333
16	0.17647058823529413	0.375
17	0.17647058823529413	0.35294117647058826
18	0.17647058823529413	0.3333333333333333
19	0.17647058823529413	0.3157894736842105
20	0.20588235294117646	0.35
21	0.20588235294117646	0.3333333333333333
22	0.20588235294117646	0.3181818181818182
23	0.20588235294117646	0.30434782608695654
24	0.20588235294117646	0.2916666666666667
25	0.20588235294117646	0.28
26	0.20588235294117646	0.2692307692307692
27	0.20588235294117646	0.25925925925925924
28	0.23529411764705882	0.2857142857142857
29	0.23529411764705882	0.27586206896551724
30	0.23529411764705882	0.26666666666666666
