1	0.030303030303030304	1.0
2	0.06060606060606061	1.0
3	0.09090909090909091	1.0
4	0.09090909090909091	0.75
5	0.12121212121212122	0.8
6	0.12121212121212122	0.6666666666666666
7	0.12121212121212122	0.5714285714285714
8	0.12121212121212122	0.5
9	0.15151515151515152	0.5555555555555556
10	0.18181818181818182	0.6
11	0.18181818181818182	0.5454545454545454
12	0.21212121212121213	0.5833333333333334
13	0.21212121212121213	0.5384615384615384
14	0.21212121212121213	0.5
15	0.21212121212121213	0.4666666666666667
16	0.21212121212121213	0.4375
17	0.24242424242424243	0.47058823529411764
18	0.24242424242424243	0.4444444444444444
19	0.24242424242424243	0.42105263157894735
20	0.24242424242424243	0.4
21	0.24242424242424243	0.38095238095238093
22	0.24242424242424243	0.36363636363636365
23	0.24242424242424243	0.34782608695652173
24	0.24242424242424243	0.3333333333333333
25	0.24242424242424243	0.32
26	0.24242424242424243	0.3076923076923077
27	0.24242424242424243	0.2962962962962963
28	0.24242424242424243	0.2857142857142857
29	0.2727272727272727	0.3103448275862069
30	0.30303030303030304	0.3333333333333333
