1	0.020833333333333332	1.0
2	0.041666666666666664	1.0
3	0.0625	1.0
4	0.08333333333333333	1.0
5	0.10416666666666667	1.0
6	0.10416666666666667	0.8333333333333334
7	0.10416666666666667	0.7142857142857143
8	0.10416666666666667	0.625
9	0.125	0.6666666666666666
10	0.125	0.6
11	0.125	0.5454545454545454
12	0.125	0.5
13	0.125	0.46153846153846156
14	0.125	0.42857142857142855
15	0.125	0.4
16	0.125	0.375
17	0.14583333333333334	0.4117647058823529
18	0.14583333333333334	0.3888888888888889
19	0.14583333333333334	0.3684210526315789
20	0.14583333333333334	0.35
21	0.14583333333333334	0.3333333333333333
22	0.14583333333333334	0.3181818181818182
23	0.14583333333333334	0.30434782608695654
24	0.14583333333333334	0.2916666666666667
25	0.14583333333333334	0.28
26	0.14583333333333334	0.2692307692307692
27	0.14583333333333334	0.25925925925925924
28	0.14583333333333334	0.25
29	0.14583333333333334	0.2413793103448276
30	0.16666666666666666	0.26666666666666666
