1	0.029411764705882353	1.0
2	0.058823529411764705	1.0
3	0.058823529411764705	0.6666666666666666
4	0.058823529411764705	0.5
5	0.08823529411764706	0.6
6	0.08823529411764706	0.5
7	0.08823529411764706	0.42857142857142855
8	0.08823529411764706	0.375
9	0.11764705882352941	0.4444444444444444
10	0.14705882352941177	0.5
11	0.17647058823529413	0.5454545454545454
12	0.17647058823529413	0.5
13	0.20588235294117646	0.5384615384615384
14	0.20588235294117646	0.5
15	0.20588235294117646	0.4666666666666667
16	0.20588235294117646	0.4375
17	0.20588235294117646	0.4117647058823529
18	0.23529411764705882	0.4444444444444444
19	0.23529411764705882	0.42105263157894735
20	0.23529411764705882	0.4
21	0.23529411764705882	0.38095238095238093
22	0.23529411764705882	0.36363636363636365
23	0.23529411764705882	0.34782608695652173
24	0.23529411764705882	0.3333333333333333
25	0.2647058823529412	0.36
26	0.2647058823529412	0.34615384615384615
27	0.2647058823529412	0.3333333333333333
28	0.2647058823529412	0.32142857142857145
29	0.2647058823529412	0.3103448275862069
30	0.2647058823529412	0.3
