1	0.023809523809523808	1.0
2	0.047619047619047616	1.0
3	0.07142857142857142	1.0
4	0.07142857142857142	0.75
5	0.07142857142857142	0.6
6	0.09523809523809523	0.6666666666666666
7	0.09523809523809523	0.5714285714285714
8	0.09523809523809523	0.5
9	0.09523809523809523	0.4444444444444444
10	0.09523809523809523	0.4
11	0.09523809523809523	0.36363636363636365
12	0.09523809523809523	0.3333333333333333
13	0.09523809523809523	0.3076923076923077
14	0.09523809523809523	0.2857142857142857
15	0.09523809523809523	0.26666666666666666
16	0.11904761904761904	0.3125
17	0.11904761904761904	0.29411764705882354
18	0.14285714285714285	0.3333333333333333
19	0.14285714285714285	0.3157894736842105
20	0.14285714285714285	0.3
21	0.14285714285714285	0.2857142857142857
22	0.14285714285714285	0.2727272727272727
23	0.14285714285714285	0.2608695652173913
24	0.14285714285714285	0.25
25	0.14285714285714285	0.24
26	0.14285714285714285	0.23076923076923078
27	0.14285714285714285	0.2222222222222222
28	0.14285714285714285	0.21428571428571427
29	0.14285714285714285	0.20689655172413793
30	0.16666666666666666	0.23333333333333334
