1	0.00847457627118644	1.0
2	0.01694915254237288	1.0
3	0.025423728813559324	1.0
4	0.025423728813559324	0.75
5	0.03389830508474576	0.8
6	0.03389830508474576	0.6666666666666666
7	0.0423728813559322	0.7142857142857143
8	0.0423728813559322	0.625
9	0.05084745762711865	0.6666666666666666
10	0.05084745762711865	0.6
11	0.05084745762711865	0.5454545454545454
12	0.05084745762711865	0.5
13	0.05084745762711865	0.46153846153846156
14	0.059322033898305086	0.5
15	0.06779661016949153	0.5333333333333333
16	0.06779661016949153	0.5
17	0.07627118644067797	0.5294117647058824
18	0.0847457627118644	0.5555555555555556
19	0.09322033898305085	0.5789473684210527
20	0.1016949152542373	0.6
21	0.11016949152542373	0.6190476190476191
22	0.11864406779661017	0.6363636363636364
23	0.1271186440677966	0.6521739130434783
24	0.1271186440677966	0.625
25	0.1271186440677966	0.6
26	0.1271186440677966	0.5769230769230769
27	0.1271186440677966	0.5555555555555556
28	0.13559322033898305	0.5714285714285714
29	0.13559322033898305	0.5517241379310345
30	0.13559322033898305	0.5333333333333333
