1	0.01639344262295082	1.0
2	0.01639344262295082	0.5
3	0.01639344262295082	0.3333333333333333
4	0.01639344262295082	0.25
5	0.01639344262295082	0.2
6	0.01639344262295082	0.16666666666666666
7	0.01639344262295082	0.14285714285714285
8	0.01639344262295082	0.125
9	0.01639344262295082	0.1111111111111111
10	0.01639344262295082	0.1
11	0.03278688524590164	0.18181818181818182
12	0.03278688524590164	0.16666666666666666
13	0.03278688524590164	0.15384615384615385
14	0.03278688524590164	0.14285714285714285
15	0.03278688524590164	0.13333333333333333
16	0.03278688524590164	0.125
17	0.03278688524590164	0.11764705882352941
18	0.03278688524590164	0.1111111111111111
19	0.03278688524590164	0.10526315789473684
20	0.03278688524590164	0.1
21	0.03278688524590164	0.09523809523809523
22	0.04918032786885246	0.13636363636363635
23	0.06557377049180328	0.17391304347826086
24	0.06557377049180328	0.16666666666666666
25	0.08196721311475409	0.2
26	0.08196721311475409	0.19230769230769232
27	0.09836065573770492	0.2222222222222222
28	0.09836065573770492	0.21428571428571427
29	0.09836065573770492	0.20689655172413793
30	0.09836065573770492	0.2
