1	0.023255813953488372	1.0
2	0.023255813953488372	0.5
3	0.023255813953488372	0.3333333333333333
4	0.023255813953488372	0.25
5	0.023255813953488372	0.2
6	0.023255813953488372	0.16666666666666666
7	0.023255813953488372	0.14285714285714285
8	0.023255813953488372	0.125
9	0.023255813953488372	0.1111111111111111
10	0.046511627906976744	0.2
11	0.046511627906976744	0.18181818181818182
12	0.06976744186046512	0.25
13	0.06976744186046512	0.23076923076923078
14	0.06976744186046512	0.21428571428571427
15	0.06976744186046512	0.2
16	0.06976744186046512	0.1875
17	0.06976744186046512	0.17647058823529413
18	0.09302325581395349	0.2222222222222222
19	0.09302325581395349	0.21052631578947367
20	0.11627906976744186	0.25
21	0.11627906976744186	0.23809523809523808
22	0.11627906976744186	0.22727272727272727
23	0.13953488372093023	0.2608695652173913
24	0.13953488372093023	0.25
25	0.13953488372093023	0.24
26	0.13953488372093023	0.23076923076923078
27	0.13953488372093023	0.2222222222222222
28	0.13953488372093023	0.21428571428571427
29	0.13953488372093023	0.20689655172413793
30	0.13953488372093023	0.2
