1	0.1	1.0
2	0.2	1.0
3	0.2	0.6666666666666666
4	0.2	0.5
5	0.2	0.4
6	0.3	0.5
7	0.3	0.42857142857142855
8	0.3	0.375
9	0.3	0.3333333333333333
10	0.3	0.3
11	0.3	0.2727272727272727
12	0.3	0.25
13	0.3	0.23076923076923078
14	0.3	0.21428571428571427
15	0.3	0.2
16	0.4	0.25
17	0.4	0.23529411764705882
18	0.4	0.2222222222222222
19	0.4	0.21052631578947367
20	0.4	0.2
21	0.4	0.19047619047619047
22	0.4	0.18181818181818182
23	0.4	0.17391304347826086
24	0.4	0.16666666666666666
25	0.4	0.16
26	0.4	0.15384615384615385
27	0.5	0.18518518518518517
28	0.5	0.17857142857142858
29	0.5	0.1724137931034483
30	0.5	0.16666666666666666
