1	0.018518518518518517	1.0
2	0.037037037037037035	1.0
3	0.037037037037037035	0.6666666666666666
4	0.037037037037037035	0.5
5	0.037037037037037035	0.4
6	0.037037037037037035	0.3333333333333333
7	0.037037037037037035	0.2857142857142857
8	0.037037037037037035	0.25
9	0.037037037037037035	0.2222222222222222
10	0.037037037037037035	0.2
11	0.037037037037037035	0.18181818181818182
12	0.037037037037037035	0.16666666666666666
13	0.037037037037037035	0.15384615384615385
14	0.037037037037037035	0.14285714285714285
15	0.037037037037037035	0.13333333333333333
16	0.037037037037037035	0.125
17	0.05555555555555555	0.17647058823529413
18	0.05555555555555555	0.16666666666666666
19	0.05555555555555555	0.15789473684210525
20	0.05555555555555555	0.15
21	0.05555555555555555	0.14285714285714285
22	0.05555555555555555	0.13636363636363635
23	0.05555555555555555	0.13043478260869565
24	0.05555555555555555	0.125
25	0.05555555555555555	0.12
26	0.05555555555555555	0.11538461538461539
27	0.05555555555555555	0.1111111111111111
28	0.05555555555555555	0.10714285714285714
29	0.05555555555555555	0.10344827586206896
30	0.05555555555555555	0.1
