1	0.047619047619047616	1.0
2	0.047619047619047616	0.5
3	0.047619047619047616	0.3333333333333333
4	0.047619047619047616	0.25
5	0.09523809523809523	0.4
6	0.14285714285714285	0.5
7	0.19047619047619047	0.5714285714285714
8	0.19047619047619047	0.5
9	0.19047619047619047	0.4444444444444444
10	0.19047619047619047	0.4
11	0.19047619047619047	0.36363636363636365
12	0.19047619047619047	0.3333333333333333
13	0.23809523809523808	0.38461538461538464
14	0.2857142857142857	0.42857142857142855
15	0.3333333333333333	0.4666666666666667
16	0.3333333333333333	0.4375
17	0.38095238095238093	0.47058823529411764
18	0.38095238095238093	0.4444444444444444
19	0.38095238095238093	0.42105263157894735
20	0.38095238095238093	0.4
21	0.38095238095238093	0.38095238095238093
22	0.42857142857142855	0.4090909090909091
23	0.42857142857142855	0.391304347826087
24	0.42857142857142855	0.375
25	0.42857142857142855	0.36
26	0.47619047619047616	0.38461538461538464
27	0.47619047619047616	0.37037037037037035
28	0.47619047619047616	0.35714285714285715
29	0.47619047619047616	0.3448275862068966
30	0.47619047619047616	0.3333333333333333
