1	0.022727272727272728	1.0
2	0.022727272727272728	0.5
3	0.045454545454545456	0.6666666666666666
4	0.045454545454545456	0.5
5	0.045454545454545456	0.4
6	0.045454545454545456	0.3333333333333333
7	0.06818181818181818	0.42857142857142855
8	0.06818181818181818	0.375
9	0.09090909090909091	0.4444444444444444
10	0.11363636363636363	0.5
11	0.11363636363636363	0.45454545454545453
12	0.11363636363636363	0.4166666666666667
13	0.13636363636363635	0.46153846153846156
14	0.13636363636363635	0.42857142857142855
15	0.1590909090909091	0.4666666666666667
16	0.1590909090909091	0.4375
17	0.1590909090909091	0.4117647058823529
18	0.18181818181818182	0.4444444444444444
19	0.20454545454545456	0.47368421052631576
20	0.20454545454545456	0.45
21	0.22727272727272727	0.47619047619047616
22	0.25	0.5
23	0.25	0.4782608695652174
24	0.25	0.4583333333333333
25	0.25	0.44
26	0.25	0.4230769230769231
27	0.25	0.4074074074074074
28	0.2727272727272727	0.42857142857142855
29	0.29545454545454547	0.4482758620689655
30	0.3181818181818182	0.4666666666666667
