1	0.0	0.0
2	0.0	0.0
3	0.07142857142857142	0.3333333333333333
4	0.07142857142857142	0.25
5	0.07142857142857142	0.2
6	0.14285714285714285	0.3333333333333333
7	0.14285714285714285	0.2857142857142857
8	0.21428571428571427	0.375
9	0.21428571428571427	0.3333333333333333
10	0.21428571428571427	0.3
11	0.21428571428571427	0.2727272727272727
12	0.21428571428571427	0.25
13	0.2857142857142857	0.3076923076923077
14	0.35714285714285715	0.35714285714285715
15	0.35714285714285715	0.3333333333333333
16	0.35714285714285715	0.3125
17	0.35714285714285715	0.29411764705882354
18	0.35714285714285715	0.2777777777777778
19	0.35714285714285715	0.2631578947368421
20	0.35714285714285715	0.25
21	0.35714285714285715	0.23809523809523808
22	0.35714285714285715	0.22727272727272727
23	0.35714285714285715	0.21739130434782608
24	0.42857142857142855	0.25
25	0.42857142857142855	0.24
26	0.5	0.2692307692307692
27	0.5	0.25925925925925924
28	0.5	0.25
29	0.5	0.2413793103448276
30	0.5	0.23333333333333334
