1	0.0	0.0
2	0.0	0.0
3	0.0	0.0
4	0.0	0.0
5	0.0	0.0
6	0.0	0.0
7	0.0	0.0
8	0.0	0.0
9	0.0	0.0
10	0.0	0.0
11	0.0	0.0
12	0.0	0.0
13	0.0	0.0
14	0.0	0.0
15	0.027777777777777776	0.06666666666666667
16	0.027777777777777776	0.0625
17	0.05555555555555555	0.11764705882352941
18	0.05555555555555555	0.1111111111111111
19	0.08333333333333333	0.15789473684210525
20	0.1111111111111111	0.2
21	0.1111111111111111	0.19047619047619047
22	0.1111111111111111	0.18181818181818182
23	0.1111111111111111	0.17391304347826086
24	0.1111111111111111	0.16666666666666666
25	0.1111111111111111	0.16
26	0.1111111111111111	0.15384615384615385
27	0.1111111111111111	0.14814814814814814
28	0.1111111111111111	0.14285714285714285
29	0.1388888888888889	0.1724137931034483
30	0.1388888888888889	0.16666666666666666
