1	0.0	0.0
2	0.023255813953488372	0.5
3	0.023255813953488372	0.3333333333333333
4	0.046511627906976744	0.5
5	0.06976744186046512	0.6
6	0.06976744186046512	0.5
7	0.09302325581395349	0.5714285714285714
8	0.09302325581395349	0.5
9	0.09302325581395349	0.4444444444444444
10	0.09302325581395349	0.4
11	0.09302325581395349	0.36363636363636365
12	0.09302325581395349	0.3333333333333333
13	0.09302325581395349	0.3076923076923077
14	0.09302325581395349	0.2857142857142857
15	0.09302325581395349	0.26666666666666666
16	0.09302325581395349	0.25
17	0.09302325581395349	0.23529411764705882
18	0.11627906976744186	0.2777777777777778
19	0.11627906976744186	0.2631578947368421
20	0.13953488372093023	0.3
21	0.13953488372093023	0.2857142857142857
22	0.16279069767441862	0.3181818181818182
23	0.18604651162790697	0.34782608695652173
24	0.18604651162790697	0.3333333333333333
25	0.18604651162790697	0.32
26	0.18604651162790697	0.3076923076923077
27	0.20930232558139536	0.3333333333333333
28	0.23255813953488372	0.35714285714285715
29	0.2558139534883721	0.3793103448275862
30	0.27906976744186046	0.4
