1	0.08333333333333333	1.0
2	0.08333333333333333	0.5
3	0.16666666666666666	0.6666666666666666
4	0.25	0.75
5	0.25	0.6
6	0.25	0.5
7	0.25	0.42857142857142855
8	0.25	0.375
9	0.25	0.3333333333333333
10	0.25	0.3
11	0.25	0.2727272727272727
12	0.25	0.25
13	0.25	0.23076923076923078
14	0.25	0.21428571428571427
15	0.25	0.2
16	0.25	0.1875
17	0.3333333333333333	0.23529411764705882
18	0.3333333333333333	0.2222222222222222
19	0.4166666666666667	0.2631578947368421
20	0.4166666666666667	0.25
21	0.4166666666666667	0.23809523809523808
22	0.4166666666666667	0.22727272727272727
23	0.4166666666666667	0.21739130434782608
24	0.4166666666666667	0.20833333333333334
25	0.4166666666666667	0.2
26	0.4166666666666667	0.19230769230769232
27	0.4166666666666667	0.18518518518518517
28	0.4166666666666667	0.17857142857142858
29	0.4166666666666667	0.1724137931034483
30	0.4166666666666667	0.16666666666666666
