1	0.0	0.0
2	0.0	0.0
3	0.06666666666666667	0.3333333333333333
4	0.06666666666666667	0.25
5	0.06666666666666667	0.2
6	0.06666666666666667	0.16666666666666666
7	0.06666666666666667	0.14285714285714285
8	0.06666666666666667	0.125
9	0.06666666666666667	0.1111111111111111
10	0.13333333333333333	0.2
11	0.13333333333333333	0.18181818181818182
12	0.13333333333333333	0.16666666666666666
13	0.13333333333333333	0.15384615384615385
14	0.13333333333333333	0.14285714285714285
15	0.13333333333333333	0.13333333333333333
16	0.13333333333333333	0.125
17	0.2	0.17647058823529413
18	0.26666666666666666	0.2222222222222222
19	0.26666666666666666	0.21052631578947367
20	0.26666666666666666	0.2
21	0.26666666666666666	0.19047619047619047
22	0.26666666666666666	0.18181818181818182
23	0.26666666666666666	0.17391304347826086
24	0.26666666666666666	0.16666666666666666
25	0.26666666666666666	0.16
26	0.3333333333333333	0.19230769230769232
27	0.3333333333333333	0.18518518518518517
28	0.3333333333333333	0.17857142857142858
29	0.3333333333333333	0.1724137931034483
30	0.3333333333333333	0.16666666666666666
