1	0.03571428571428571	1.0
2	0.07142857142857142	1.0
3	0.07142857142857142	0.6666666666666666
4	0.10714285714285714	0.75
5	0.10714285714285714	0.6
6	0.10714285714285714	0.5
7	0.10714285714285714	0.42857142857142855
8	0.10714285714285714	0.375
9	0.10714285714285714	0.3333333333333333
10	0.10714285714285714	0.3
11	0.10714285714285714	0.2727272727272727
12	0.10714285714285714	0.25
13	0.10714285714285714	0.23076923076923078
14	0.14285714285714285	0.2857142857142857
15	0.14285714285714285	0.26666666666666666
16	0.14285714285714285	0.25
17	0.14285714285714285	0.23529411764705882
18	0.14285714285714285	0.2222222222222222
19	0.14285714285714285	0.21052631578947367
20	0.14285714285714285	0.2
21	0.14285714285714285	0.19047619047619047
22	0.17857142857142858	0.22727272727272727
23	0.21428571428571427	0.2608695652173913
24	0.21428571428571427	0.25
25	0.25	0.28
26	0.2857142857142857	0.3076923076923077
27	0.2857142857142857	0.2962962962962963
28	0.2857142857142857	0.2857142857142857
29	0.2857142857142857	0.27586206896551724
30	0.32142857142857145	0.3
