1	0.0	0.0
2	0.0	0.0
3	0.0	0.0
4	0.0	0.0
5	0.047619047619047616	0.2
6	0.047619047619047616	0.16666666666666666
7	0.047619047619047616	0.14285714285714285
8	0.047619047619047616	0.125
9	0.09523809523809523	0.2222222222222222
10	0.14285714285714285	0.3
11	0.14285714285714285	0.2727272727272727
12	0.19047619047619047	0.3333333333333333
13	0.23809523809523808	0.38461538461538464
14	0.23809523809523808	0.35714285714285715
15	0.2857142857142857	0.4
16	0.2857142857142857	0.375
17	0.2857142857142857	0.35294117647058826
18	0.2857142857142857	0.3333333333333333
19	0.3333333333333333	0.3684210526315789
20	0.3333333333333333	0.35
21	0.3333333333333333	0.3333333333333333
22	0.3333333333333333	0.3181818181818182
23	0.38095238095238093	0.34782608695652173
24	0.38095238095238093	0.3333333333333333
25	0.38095238095238093	0.32
26	0.38095238095238093	0.3076923076923077
27	0.38095238095238093	0.2962962962962963
28	0.38095238095238093	0.2857142857142857
29	0.38095238095238093	0.27586206896551724
30	0.38095238095238093	0.26666666666666666
