1	0.0	0.0
2	0.0	0.0
3	0.0	0.0
4	0.0	0.0
5	0.0	0.0
6	0.0	0.0
7	0.0	0.0
8	0.0	0.0
9	0.0	0.0
10	0.0	0.0
11	0.0	0.0
12	0.0	0.0
13	0.041666666666666664	0.07692307692307693
14	0.041666666666666664	0.07142857142857142
15	0.041666666666666664	0.06666666666666667
16	0.08333333333333333	0.125
17	0.08333333333333333	0.11764705882352941
18	0.125	0.16666666666666666
19	0.125	0.15789473684210525
20	0.125	0.15
21	0.125	0.14285714285714285
22	0.125	0.13636363636363635
23	0.125	0.13043478260869565
24	0.125	0.125
25	0.125	0.12
26	0.125	0.11538461538461539
27	0.125	0.1111111111111111
28	0.125	0.10714285714285714
29	0.125	0.10344827586206896
30	0.125	0.1
