1	0.038461538461538464	1.0
2	0.07692307692307693	1.0
3	0.07692307692307693	0.6666666666666666
4	0.07692307692307693	0.5
5	0.07692307692307693	0.4
6	0.07692307692307693	0.3333333333333333
7	0.07692307692307693	0.2857142857142857
8	0.07692307692307693	0.25
9	0.07692307692307693	0.2222222222222222
10	0.07692307692307693	0.2
11	0.07692307692307693	0.18181818181818182
12	0.07692307692307693	0.16666666666666666
13	0.07692307692307693	0.15384615384615385
14	0.07692307692307693	0.14285714285714285
15	0.07692307692307693	0.13333333333333333
16	0.11538461538461539	0.1875
17	0.11538461538461539	0.17647058823529413
18	0.15384615384615385	0.2222222222222222
19	0.15384615384615385	0.21052631578947367
20	0.15384615384615385	0.2
21	0.15384615384615385	0.19047619047619047
22	0.19230769230769232	0.22727272727272727
23	0.19230769230769232	0.21739130434782608
24	0.19230769230769232	0.20833333333333334
25	0.23076923076923078	0.24
26	0.2692307692307692	0.2692307692307692
27	0.2692307692307692	0.25925925925925924
28	0.2692307692307692	0.25
29	0.2692307692307692	0.2413793103448276
30	0.3076923076923077	0.26666666666666666
