1	0.0	0.0
2	0.0	0.0
3	0.0	0.0
4	0.0	0.0
5	0.0	0.0
6	0.0	0.0
7	0.0	0.0
8	0.0	0.0
9	0.0	0.0
10	0.0	0.0
11	0.0	0.0
12	0.013513513513513514	0.08333333333333333
13	0.013513513513513514	0.07692307692307693
14	0.013513513513513514	0.07142857142857142
15	0.013513513513513514	0.06666666666666667
16	0.02702702702702703	0.125
17	0.02702702702702703	0.11764705882352941
18	0.02702702702702703	0.1111111111111111
19	0.02702702702702703	0.10526315789473684
20	0.02702702702702703	0.1
21	0.04054054054054054	0.14285714285714285
22	0.05405405405405406	0.18181818181818182
23	0.05405405405405406	0.17391304347826086
24	0.06756756756756757	0.20833333333333334
25	0.06756756756756757	0.2
26	0.06756756756756757	0.19230769230769232
27	0.08108108108108109	0.2222222222222222
28	0.08108108108108109	0.21428571428571427
29	0.0945945945945946	0.2413793103448276
30	0.0945945945945946	0.23333333333333334
