1	0.022727272727272728	1.0
2	0.045454545454545456	1.0
3	0.06818181818181818	1.0
4	0.09090909090909091	1.0
5	0.09090909090909091	0.8
6	0.09090909090909091	0.6666666666666666
7	0.09090909090909091	0.5714285714285714
8	0.09090909090909091	0.5
9	0.09090909090909091	0.4444444444444444
10	0.09090909090909091	0.4
11	0.09090909090909091	0.36363636363636365
12	0.11363636363636363	0.4166666666666667
13	0.11363636363636363	0.38461538461538464
14	0.11363636363636363	0.35714285714285715
15	0.13636363636363635	0.4
16	0.13636363636363635	0.375
17	0.13636363636363635	0.35294117647058826
18	0.1590909090909091	0.3888888888888889
19	0.1590909090909091	0.3684210526315789
20	0.1590909090909091	0.35
21	0.1590909090909091	0.3333333333333333
22	0.18181818181818182	0.36363636363636365
23	0.18181818181818182	0.34782608695652173
24	0.18181818181818182	0.3333333333333333
25	0.20454545454545456	0.36
26	0.22727272727272727	0.38461538461538464
27	0.25	0.4074074074074074
28	0.25	0.39285714285714285
29	0.25	0.3793103448275862
30	0.2727272727272727	0.4
