1	0.0	0.0
2	0.034482758620689655	0.5
3	0.034482758620689655	0.3333333333333333
4	0.06896551724137931	0.5
5	0.06896551724137931	0.4
6	0.10344827586206896	0.5
7	0.10344827586206896	0.42857142857142855
8	0.10344827586206896	0.375
9	0.13793103448275862	0.4444444444444444
10	0.13793103448275862	0.4
11	0.13793103448275862	0.36363636363636365
12	0.13793103448275862	0.3333333333333333
13	0.13793103448275862	0.3076923076923077
14	0.13793103448275862	0.2857142857142857
15	0.13793103448275862	0.26666666666666666
