1	0.014084507042253521	1.0
2	0.028169014084507043	1.0
3	0.04225352112676056	1.0
4	0.056338028169014086	1.0
5	0.056338028169014086	0.8
6	0.07042253521126761	0.8333333333333334
7	0.08450704225352113	0.8571428571428571
8	0.09859154929577464	0.875
9	0.11267605633802817	0.8888888888888888
10	0.1267605633802817	0.9
11	0.1267605633802817	0.8181818181818182
12	0.14084507042253522	0.8333333333333334
13	0.15492957746478872	0.8461538461538461
14	0.16901408450704225	0.8571428571428571
15	0.18309859154929578	0.8666666666666667
