1	0.03225806451612903	1.0
2	0.03225806451612903	0.5
3	0.03225806451612903	0.3333333333333333
4	0.03225806451612903	0.25
5	0.06451612903225806	0.4
6	0.06451612903225806	0.3333333333333333
7	0.0967741935483871	0.42857142857142855
8	0.12903225806451613	0.5
9	0.12903225806451613	0.4444444444444444
10	0.12903225806451613	0.4
11	0.12903225806451613	0.36363636363636365
12	0.16129032258064516	0.4166666666666667
13	0.16129032258064516	0.38461538461538464
14	0.1935483870967742	0.42857142857142855
15	0.1935483870967742	0.4
