1	0.01639344262295082	1.0
2	0.03278688524590164	1.0
3	0.04918032786885246	1.0
4	0.06557377049180328	1.0
5	0.08196721311475409	1.0
6	0.08196721311475409	0.8333333333333334
7	0.08196721311475409	0.7142857142857143
8	0.09836065573770492	0.75
9	0.09836065573770492	0.6666666666666666
10	0.11475409836065574	0.7
11	0.13114754098360656	0.7272727272727273
12	0.13114754098360656	0.6666666666666666
13	0.13114754098360656	0.6153846153846154
14	0.14754098360655737	0.6428571428571429
15	0.16393442622950818	0.6666666666666666
