1	0.019230769230769232	1.0
2	0.038461538461538464	1.0
3	0.057692307692307696	1.0
4	0.057692307692307696	0.75
5	0.07692307692307693	0.8
6	0.07692307692307693	0.6666666666666666
7	0.09615384615384616	0.7142857142857143
8	0.09615384615384616	0.625
9	0.11538461538461539	0.6666666666666666
10	0.1346153846153846	0.7
11	0.1346153846153846	0.6363636363636364
12	0.15384615384615385	0.6666666666666666
13	0.17307692307692307	0.6923076923076923
14	0.19230769230769232	0.7142857142857143
15	0.19230769230769232	0.6666666666666666
