1	0.14285714285714285	1.0
2	0.14285714285714285	0.5
3	0.2857142857142857	0.6666666666666666
4	0.2857142857142857	0.5
5	0.42857142857142855	0.6
6	0.42857142857142855	0.5
7	0.5714285714285714	0.5714285714285714
8	0.5714285714285714	0.5
9	0.5714285714285714	0.4444444444444444
10	0.5714285714285714	0.4
11	0.5714285714285714	0.36363636363636365
12	0.7142857142857143	0.4166666666666667
13	0.7142857142857143	0.38461538461538464
14	0.7142857142857143	0.35714285714285715
15	0.7142857142857143	0.3333333333333333
