1	0.058823529411764705	1.0
2	0.058823529411764705	0.5
3	0.11764705882352941	0.6666666666666666
4	0.17647058823529413	0.75
5	0.23529411764705882	0.8
6	0.23529411764705882	0.6666666666666666
7	0.23529411764705882	0.5714285714285714
8	0.29411764705882354	0.625
9	0.29411764705882354	0.5555555555555556
10	0.35294117647058826	0.6
11	0.35294117647058826	0.5454545454545454
12	0.35294117647058826	0.5
13	0.35294117647058826	0.46153846153846156
14	0.35294117647058826	0.42857142857142855
15	0.35294117647058826	0.4
