1	0.06390461167028462	0.6416666666666667
2	0.09779080646734076	0.5291666666666667
3	0.13067194678615857	0.46944444444444444
4	0.14612608066704358	0.41875
5	0.17334101808586225	0.3983333333333331
6	0.1857997516913012	0.3638888888888889
7	0.19891564638832238	0.344047619047619
8	0.21594198750055343	0.32916666666666666
9	0.22320979098527924	0.3111111111111109
10	0.23312776932404403	0.3000000000000001
11	0.23910095004913456	0.2840909090909093
12	0.2527169657989635	0.2763888888888888
13	0.2604138608657981	0.26730769230769197
14	0.2652193619771002	0.2571428571428571
15	0.27352061448363857	0.24833333333333307
