1	0.10171475050950746	0.775
2	0.15853519455821236	0.5958333333333333
3	0.19658098733226595	0.5027777777777778
4	0.21713871261825218	0.42291666666666666
5	0.2375758558718916	0.3766666666666667
6	0.25952066629496284	0.3430555555555555
7	0.27540360972266326	0.31785714285714267
8	0.2884876472632226	0.29791666666666666
9	0.2947766782805145	0.27407407407407375
10	0.3078803992374963	0.2575000000000001
11	0.31697100770310477	0.24166666666666695
12	0.3251096665482853	0.2291666666666667
13	0.3305101648020445	0.21730769230769198
14	0.3366866884418035	0.20654761904761904
15	0.3477481963783114	0.19888888888888864
