1	0.10588974820826082	0.825
2	0.1546039935129178	0.6166666666666667
3	0.19085645763159326	0.5166666666666667
4	0.22343793731985048	0.45416666666666666
5	0.245848427105935	0.4083333333333334
6	0.263730115367364	0.37361111111111106
7	0.2760379647349693	0.3404761904761904
8	0.29861238099946424	0.325
9	0.31571485499054636	0.30740740740740724
10	0.32338767985343175	0.2891666666666667
11	0.3337817496046816	0.27651515151515155
12	0.3424246282628788	0.26319444444444434
13	0.35217173678370645	0.2525641025641022
14	0.36165725848807356	0.24285714285714297
15	0.36931715835483886	0.2333333333333331
