1	0.06588252806359955	0.6333333333333333
2	0.11430627780500167	0.5708333333333333
3	0.1386167113974318	0.4722222222222221
4	0.15849132572311397	0.41458333333333336
5	0.18246261477520537	0.38833333333333325
6	0.19359168153644063	0.35000000000000014
7	0.20666024840790775	0.3273809523809524
8	0.22356539836243183	0.3125
9	0.2404221871018945	0.3037037037037036
10	0.2524933057889188	0.29000000000000004
11	0.26850973850375354	0.281818181818182
12	0.27336182188350727	0.26666666666666666
13	0.2802486398596171	0.2557692307692305
14	0.28655099949172125	0.2446428571428572
15	0.29284044636038403	0.23777777777777756
