0.6
0.3333333333333333
0.5
0.1
0.16666666666666666
0.3333333333333333
0.07142857142857142
0.09090909090909091
0.18181818181818182
0.6
0.6
0.12280701754385964
0.6
0.14285714285714285
0.13636363636363635
0.07692307692307693
0.4444444444444444
0.3
0.4117647058823529
0.8
0.16666666666666666
0.25
0.16666666666666666
0.4
0.08333333333333333
0.16666666666666666
0.0
0.041666666666666664
0.5714285714285714
0.3
0.2857142857142857
0.08333333333333333
0.043478260869565216
0.16666666666666666
0.5
0.10294117647058823
0.08333333333333333
0.2
0.2857142857142857
0.07865168539325842
0.16666666666666666
0.2222222222222222
0.16666666666666666
0.08333333333333333
0.23529411764705882
0.25
0.1
0.2
0.2
0.42857142857142855
0.16666666666666666
1.0
0.20689655172413793
0.15384615384615385
0.08333333333333333
0.3333333333333333
0.25
0.15384615384615385
0.05555555555555555
0.14285714285714285
0.11764705882352941
0.05555555555555555
0.0
0.1111111111111111
0.6
0.125
0.0
0.4
0.4
0.2
0.16666666666666666
0.0
0.125
0.043478260869565216
0.5
0.3333333333333333
0.2857142857142857
0.2
0.07142857142857142
0.4
0.05454545454545454
0.13333333333333333
0.5
0.2222222222222222
0.6
0.08333333333333333
0.14285714285714285
0.13333333333333333
0.20833333333333334
0.047619047619047616
0.09090909090909091
0.1
0.6
0.13636363636363635
0.42857142857142855
0.125
0.11538461538461539
0.14285714285714285
0.08695652173913043
0.1590909090909091
0.6
0.0
0.5
0.058823529411764705
0.16666666666666666
0.0
0.10344827586206896
0.6666666666666666
0.0
0.18181818181818182
0.25
0.14285714285714285
0.14285714285714285
0.0875
0.2
0.5
0.14285714285714285
0.16666666666666666
0.0
0.2857142857142857
0.10526315789473684
0.13636363636363635
0.4
0.05
0.36363636363636365
0.18181818181818182
0.0
0.4
0.09523809523809523
0.06666666666666667
0.4
0.3333333333333333
0.2857142857142857
0.6666666666666666
0.0
0.2
0.25
0.17647058823529413
0.09090909090909091
0.06349206349206349
0.3333333333333333
0.14285714285714285
0.14285714285714285
0.14285714285714285
0.2
0.6
0.0625
0.09090909090909091
0.2857142857142857
0.07317073170731707
0.8
0.08333333333333333
0.3333333333333333
0.2857142857142857
0.14285714285714285
0.23809523809523808
0.2
0.125
0.2
0.034482758620689655
0.375
0.3333333333333333
0.2857142857142857
0.3333333333333333
0.15555555555555556
0.125
0.3333333333333333
0.16666666666666666
0.15625
0.16666666666666666
0.18181818181818182
0.0
0.3333333333333333
0.3333333333333333
0.4
0.0
0.09090909090909091
0.0
0.8
0.16666666666666666
0.07407407407407407
0.2
0.022058823529411766
0.14285714285714285
0.1111111111111111
0.07692307692307693
0.4
0.2727272727272727
0.3333333333333333
0.2857142857142857
0.2
0.0
0.08045977011494253
0.1
0.3333333333333333
0.3333333333333333
0.3333333333333333
0.09090909090909091
0.02857142857142857
0.2
0.0
0.2
0.2
0.02631578947368421
0.5
0.2
0.0
0.5
0.5
0.06097560975609756
0.3
0.26666666666666666
0.2857142857142857
0.25
0.1
0.14285714285714285
0.2
0.36363636363636365
0.2
0.13333333333333333
0.08695652173913043
0.125
0.07692307692307693
0.03333333333333333
0.04
0.125
0.0
0.09090909090909091
0.13333333333333333
0.0
0.3333333333333333
0.125
0.6
0.13333333333333333
0.09090909090909091
0.07407407407407407
0.2
0.03125
0.5714285714285714
0.36363636363636365
0.6
0.24
0.25
0.13333333333333333
0.125
0.16666666666666666
0.25
0.16666666666666666
0.125
0.22727272727272727
0.3333333333333333
0.16666666666666666
0.375
0.4
0.4
0.2
0.4
0.11428571428571428
0.07692307692307693
0.25
0.4
0.04316546762589928
0.0967741935483871
0.2
0.35714285714285715
0.08108108108108109
0.7777777777777778
0.42857142857142855
0.08333333333333333
0.04
0.6
0.14285714285714285
0.19047619047619047
0.1111111111111111
0.2
0.1111111111111111
0.6
0.0
0.4166666666666667
0.0
0.125
0.06451612903225806
0.13333333333333333
0.16666666666666666
0.0
0.18181818181818182
0.16666666666666666
0.5
0.23076923076923078
0.21875
0.13043478260869565
0.09090909090909091
0.2
0.06666666666666667
0.0
0.4
0.3333333333333333
0.044444444444444446
0.375
0.2
0.6
0.2
0.19047619047619047
0.03508771929824561
0.0625
0.1111111111111111
0.17857142857142858
0.42857142857142855
0.2
0.5
0.08450704225352113
0.125
0.058823529411764705
0.375
0.07142857142857142
0.06976744186046512
0.12121212121212122
0.2
0.5
0.15
0.3333333333333333
0.2
0.028985507246376812
0.3333333333333333
0.16666666666666666
1.0
0.06896551724137931
0.047619047619047616
0.16666666666666666
0.4
0.5
0.4
0.3333333333333333
0.25
0.12280701754385964
0.3125
0.2
0.16666666666666666
0.03225806451612903
0.42857142857142855
0.4
0.14285714285714285
0.5714285714285714
0.15384615384615385
0.2
0.2727272727272727
0.1111111111111111
0.06521739130434782
0.5
0.19047619047619047
0.0
0.25
0.1
0.6666666666666666
0.42857142857142855
0.14285714285714285
0.6
0.2857142857142857
0.16666666666666666
0.07692307692307693
0.04861111111111111
0.14285714285714285
0.25
0.13636363636363635
0.1111111111111111
0.027777777777777776
0.0
0.2857142857142857
0.08433734939759036
0.2
0.4
0.23076923076923078
0.2
0.3333333333333333
0.07142857142857142
0.2857142857142857
0.4
0.42857142857142855
0.08823529411764706
0.3333333333333333
0.2
0.2
0.0
0.1111111111111111
0.16666666666666666
0.058823529411764705
0.5
0.4
0.42857142857142855
0.6666666666666666
0.0
0.14285714285714285
0.23076923076923078
0.15
0.2857142857142857
0.3333333333333333
0.07142857142857142
0.6666666666666666
0.125
0.4
0.5
0.375
0.1111111111111111
0.3333333333333333
0.3333333333333333
0.2
0.07407407407407407
0.25
0.375
0.13636363636363635
0.175
0.0
0.3333333333333333
0.05555555555555555
0.0
0.05
0.0
0.14285714285714285
0.08108108108108109
0.2222222222222222
0.3333333333333333
0.0
0.42857142857142855
0.375
0.1
0.09090909090909091
0.21428571428571427
0.6
0.05128205128205128
0.10416666666666667
0.4
0.2
0.16666666666666666
0.09090909090909091
0.03125
0.14285714285714285
0.42857142857142855
0.4
0.047619047619047616
0.2
0.2777777777777778
0.02702702702702703
0.17391304347826086
0.2
0.15789473684210525
0.25
0.08333333333333333
0.0
0.0
0.04878048780487805
0.42857142857142855
0.2857142857142857
0.25
0.14285714285714285
0.037037037037037035
0.08
0.1111111111111111
0.18181818181818182
0.11764705882352941
0.1875
0.09615384615384616
0.2
0.11764705882352941
0.04838709677419355
0.14285714285714285
0.23076923076923078
0.4
0.6
0.03773584905660377
0.16666666666666666
0.4
0.3333333333333333
0.13333333333333333
0.13333333333333333
0.2222222222222222
0.04878048780487805
0.2222222222222222
0.3
0.06666666666666667
0.15384615384615385
0.0625
0.14285714285714285
0.42857142857142855
0.0625
0.3333333333333333
0.09090909090909091
0.14285714285714285
0.2857142857142857
0.10144927536231885
0.21428571428571427
0.3333333333333333
0.0
0.2727272727272727
0.10204081632653061
0.8
0.3333333333333333
0.5
0.1111111111111111
0.06779661016949153
0.18181818181818182
0.4
0.14285714285714285
0.0
0.09090909090909091
0.2916666666666667
0.25
0.10714285714285714
0.42857142857142855
0.12
0.21428571428571427
0.2857142857142857
0.0875
0.09090909090909091
0.125
0.1
0.09615384615384616
0.16666666666666666
0.0
0.0975609756097561
0.0
0.16666666666666666
0.2857142857142857
0.625
0.4
0.12121212121212122
0.14285714285714285
0.11363636363636363
0.1111111111111111
0.09090909090909091
0.23076923076923078
0.14285714285714285
0.16666666666666666
0.14285714285714285
0.13333333333333333
0.42857142857142855
0.26666666666666666
0.1
0.16666666666666666
0.3333333333333333
1.0
0.041666666666666664
0.16666666666666666
0.2
0.14285714285714285
0.1875
0.375
0.3333333333333333
0.6
0.037037037037037035
0.45454545454545453
0.125
0.1111111111111111
0.0945945945945946
0.4
0.14285714285714285
0.35
0.029411764705882353
0.4
0.16666666666666666
0.375
0.14285714285714285
0.11538461538461539
0.18181818181818182
0.14285714285714285
0.0
0.4
0.0625
0.2
0.2
0.1111111111111111
0.15
0.6666666666666666
0.14285714285714285
0.6
0.2
0.18181818181818182
0.2
0.25
0.23076923076923078
0.06557377049180328
0.16666666666666666
0.2857142857142857
0.2631578947368421
0.09090909090909091
0.10526315789473684
0.08571428571428572
0.08771929824561403
0.1111111111111111
0.0
0.2857142857142857
0.2222222222222222
0.5
0.3333333333333333
0.23529411764705882
0.06976744186046512
0.15555555555555556
0.6666666666666666
0.5
0.14285714285714285
0.5714285714285714
0.4
0.5
0.1111111111111111
0.25
0.2222222222222222
0.4
0.16666666666666666
0.4
0.06666666666666667
0.4
0.14285714285714285
0.2222222222222222
0.3333333333333333
0.0
0.3333333333333333
0.0
0.1111111111111111
0.6666666666666666
0.42857142857142855
0.125
0.4
0.05504587155963303
0.125
0.22727272727272727
0.2
0.2857142857142857
0.3333333333333333
0.8333333333333334
0.0625
0.06666666666666667
0.061224489795918366
0.0
0.02564102564102564
0.07407407407407407
0.15384615384615385
0.0625
0.25
0.2777777777777778
0.125
0.25
0.3157894736842105
0.07526881720430108
0.11864406779661017
0.6
0.1
0.06451612903225806
0.19230769230769232
0.25
0.2
0.1
0.08695652173913043
0.0
0.041666666666666664
0.16666666666666666
0.2222222222222222
0.1111111111111111
0.25
0.0
0.17647058823529413
0.42857142857142855
0.15384615384615385
0.2916666666666667
0.05263157894736842
0.2
0.125
0.6666666666666666
0.25
0.0
0.14285714285714285
0.5
0.4
0.6666666666666666
0.3333333333333333
0.13636363636363635
0.5714285714285714
0.21212121212121213
0.5714285714285714
0.038461538461538464
0.125
0.2222222222222222
0.14285714285714285
0.21428571428571427
0.043478260869565216
0.2857142857142857
0.6
0.25
0.0
0.1111111111111111
0.10714285714285714
0.09090909090909091
0.6
0.09523809523809523
0.125
0.21428571428571427
0.14285714285714285
0.08974358974358974
0.21428571428571427
0.25
0.4
0.1
0.2727272727272727
0.1111111111111111
0.6
0.23809523809523808
0.2857142857142857
0.06521739130434782
0.2
0.25
0.1111111111111111
0.16666666666666666
0.14285714285714285
0.1
0.4
0.26666666666666666
0.8
0.05263157894736842
0.21428571428571427
0.2857142857142857
0.3333333333333333
0.04861111111111111
0.625
0.16666666666666666
0.6
0.3333333333333333
0.125
0.13043478260869565
0.1111111111111111
0.17857142857142858
0.1
0.14285714285714285
0.06451612903225806
0.25
0.1
0.2727272727272727
0.14285714285714285
0.3333333333333333
0.3888888888888889
0.08433734939759036
0.3
0.2
0.1111111111111111
0.20833333333333334
0.07692307692307693
0.4
0.07142857142857142
0.08333333333333333
0.05
0.03225806451612903
0.25
0.18181818181818182
0.5
0.25
0.0975609756097561
0.2
0.09090909090909091
0.07142857142857142
0.1
0.2727272727272727
0.2
0.15384615384615385
0.26666666666666666
0.30434782608695654
0.2222222222222222
0.4
0.28
0.25
0.0
0.21875
0.0
0.36363636363636365
0.17647058823529413
0.17647058823529413
0.25
0.05714285714285714
0.16666666666666666
0.42857142857142855
0.3333333333333333
0.03508771929824561
0.4
0.38461538461538464
0.08333333333333333
0.05084745762711865
0.25
0.8
0.0
0.42857142857142855
0.42857142857142855
0.2
0.3333333333333333
0.020833333333333332
0.10526315789473684
0.20833333333333334
0.3333333333333333
0.1
0.0
0.18181818181818182
0.037037037037037035
0.16666666666666666
0.2857142857142857
0.3333333333333333
0.5
0.23529411764705882
0.2857142857142857
0.15384615384615385
0.14285714285714285
0.07142857142857142
0.6666666666666666
0.09090909090909091
0.5
0.6
0.5
0.5
0.2
0.3333333333333333
0.125
0.6
0.6666666666666666
0.3333333333333333
0.3333333333333333
0.18181818181818182
0.14285714285714285
0.6
0.5714285714285714
0.0625
0.07894736842105263
0.2
0.1111111111111111
0.08
0.06451612903225806
0.3333333333333333
0.1
0.09090909090909091
0.2857142857142857
0.07142857142857142
0.16666666666666666
0.13725490196078433
0.21212121212121213
0.3333333333333333
0.2
0.03278688524590164
0.36363636363636365
0.0
0.08955223880597014
0.047619047619047616
0.0
0.16666666666666666
0.1
0.053763440860215055
0.14285714285714285
0.05
0.3333333333333333
0.5
0.6
0.0
0.45454545454545453
0.05555555555555555
0.16666666666666666
0.4
0.375
0.05555555555555555
0.0
0.5714285714285714
0.375
0.09090909090909091
0.5
0.03571428571428571
0.6
0.09523809523809523
0.05
0.3333333333333333
0.26666666666666666
0.3
0.2
0.3
0.0
0.2
0.3333333333333333
0.1
0.0
0.0
0.037037037037037035
0.18181818181818182
0.014285714285714285
0.16
0.16666666666666666
0.18181818181818182
0.06521739130434782
0.1
0.06666666666666667
0.25
0.09090909090909091
0.07692307692307693
0.047619047619047616
0.07407407407407407
0.0
0.0
0.6
0.5
0.125
0.2
0.18181818181818182
0.25
0.6
0.25
0.125
0.14285714285714285
0.041666666666666664
0.6
0.05263157894736842
0.4
0.2
0.2222222222222222
0.2727272727272727
0.2
0.14285714285714285
0.16666666666666666
0.35294117647058826
0.2222222222222222
0.14285714285714285
0.17647058823529413
0.16666666666666666
0.10714285714285714
0.09090909090909091
0.045454545454545456
0.2
0.4
0.5
0.2
0.3333333333333333
0.11764705882352941
0.21428571428571427
0.18181818181818182
0.08333333333333333
0.14285714285714285
0.09090909090909091
0.25
0.3333333333333333
0.3333333333333333
0.075
0.2727272727272727
0.2222222222222222
0.12903225806451613
0.25
0.25
0.36363636363636365
0.2222222222222222
0.3333333333333333
0.05
0.1
0.07142857142857142
0.125
0.2857142857142857
0.1
0.4
0.3
0.4
0.4
0.15384615384615385
0.04878048780487805
0.05263157894736842
0.16666666666666666
0.2
0.6
0.36363636363636365
0.05714285714285714
0.15625
0.14285714285714285
0.02631578947368421
0.5454545454545454
0.08139534883720931
0.08333333333333333
0.3333333333333333
0.375
0.5
0.23529411764705882
0.2
0.6666666666666666
0.42857142857142855
0.1
0.20588235294117646
0.2857142857142857
0.1111111111111111
0.2857142857142857
0.10526315789473684
0.6
0.8
0.25
0.09090909090909091
0.07368421052631578
0.16666666666666666
0.2
0.21052631578947367
0.2222222222222222
0.6
0.4
0.625
0.4
0.0975609756097561
0.05263157894736842
0.09803921568627451
0.3333333333333333
0.09302325581395349
0.06451612903225806
0.6
0.18181818181818182
0.6
0.16666666666666666
0.4
0.125
0.05555555555555555
0.2857142857142857
0.1
0.12244897959183673
0.21428571428571427
0.0
0.16666666666666666
0.16666666666666666
0.18181818181818182
0.125
0.3333333333333333
0.3333333333333333
0.0
0.4
0.6
0.047619047619047616
0.05263157894736842
0.09523809523809523
0.07692307692307693
0.08
0.07692307692307693
0.06666666666666667
0.6
0.42857142857142855
0.16666666666666666
0.2857142857142857
0.4
0.18181818181818182
0.13636363636363635
0.3333333333333333
0.23529411764705882
0.25
0.5
0.42857142857142855
0.2
0.0
0.3333333333333333
0.3
0.125
0.07142857142857142
0.0
0.16666666666666666
0.6
0.16666666666666666
0.10526315789473684
0.2727272727272727
0.0
0.125
0.4
0.23529411764705882
0.21875
0.125
0.3
0.18181818181818182
0.4
0.4
0.06666666666666667
0.2
0.043478260869565216
0.2857142857142857
0.1076923076923077
0.8
0.19047619047619047
0.10526315789473684
0.4
0.375
0.2
0.0
0.23076923076923078
0.2
0.25
0.2
0.08196721311475409
0.3
0.42857142857142855
0.42857142857142855
0.0
0.14285714285714285
0.10344827586206896
0.16666666666666666
0.1
0.2857142857142857
0.2222222222222222
0.25
0.16666666666666666
0.2
0.25
0.2222222222222222
0.0
0.11764705882352941
0.22727272727272727
0.5714285714285714
0.14285714285714285
0.0
0.3333333333333333
0.3333333333333333
0.375
0.2608695652173913
0.25
0.058823529411764705
0.2727272727272727
0.4
0.2
0.18181818181818182
0.3333333333333333
0.2
0.16666666666666666
0.058823529411764705
0.4
0.4
0.3333333333333333
0.059322033898305086
0.6
0.4
0.11428571428571428
0.3333333333333333
0.18181818181818182
0.3333333333333333
0.2857142857142857
0.13636363636363635
0.13333333333333333
0.0
0.1388888888888889
0.16666666666666666
0.045454545454545456
0.2
0.02962962962962963
0.08695652173913043
0.5714285714285714
0.16666666666666666
0.20833333333333334
0.05555555555555555
0.45454545454545453
0.16666666666666666
0.058823529411764705
0.42857142857142855
0.25
0.4
0.0
0.1
0.8
0.14285714285714285
0.1
0.09615384615384616
0.06666666666666667
0.15789473684210525
0.08235294117647059
0.2
0.2222222222222222
0.3333333333333333
0.3333333333333333
0.14285714285714285
0.0
0.3333333333333333
0.09090909090909091
0.42857142857142855
0.3076923076923077
0.1111111111111111
0.2222222222222222
0.05263157894736842
0.16666666666666666
0.5
0.14285714285714285
0.1590909090909091
0.05714285714285714
0.16666666666666666
0.3333333333333333
0.2
0.3333333333333333
0.36363636363636365
0.125
0.17391304347826086
0.4444444444444444
0.2
0.0625
0.2
0.42857142857142855
0.25
0.2
0.16666666666666666
0.07142857142857142
0.16666666666666666
0.043478260869565216
0.10526315789473684
0.17647058823529413
0.0
0.16666666666666666
0.3333333333333333
0.16666666666666666
0.0
0.25
