0.6
0.3333333333333333
0.5
0.1
0.16666666666666666
0.5
0.07142857142857142
0.09090909090909091
0.22727272727272727
0.6
0.6
0.17543859649122806
0.6
0.19047619047619047
0.18181818181818182
0.15384615384615385
0.5555555555555556
0.3
0.4117647058823529
0.8
0.16666666666666666
0.25
0.2777777777777778
0.4
0.08333333333333333
0.16666666666666666
0.07692307692307693
0.05555555555555555
0.5714285714285714
0.4
0.2857142857142857
0.16666666666666666
0.057971014492753624
0.3333333333333333
0.5
0.1323529411764706
0.10416666666666667
0.2857142857142857
0.2857142857142857
0.11235955056179775
0.16666666666666666
0.3333333333333333
0.16666666666666666
0.08333333333333333
0.35294117647058826
0.25
0.15
0.2
0.2
0.42857142857142855
0.16666666666666666
1.0
0.27586206896551724
0.23076923076923078
0.125
0.5
0.375
0.15384615384615385
0.1111111111111111
0.14285714285714285
0.11764705882352941
0.05555555555555555
0.0625
0.16666666666666666
0.6
0.25
0.1
0.4
0.4
0.26666666666666666
0.16666666666666666
0.0
0.125
0.043478260869565216
0.5
0.3333333333333333
0.2857142857142857
0.2
0.10714285714285714
0.4
0.07272727272727272
0.13333333333333333
0.5
0.3333333333333333
0.8
0.08333333333333333
0.14285714285714285
0.13333333333333333
0.20833333333333334
0.09523809523809523
0.09090909090909091
0.1
0.6
0.18181818181818182
0.7142857142857143
0.125
0.15384615384615385
0.2
0.13043478260869565
0.22727272727272727
0.6
0.2
0.5
0.11764705882352941
0.16666666666666666
0.0
0.13793103448275862
0.8333333333333334
0.0
0.18181818181818182
0.375
0.14285714285714285
0.19047619047619047
0.125
0.2
0.5
0.14285714285714285
0.16666666666666666
0.0
0.5714285714285714
0.2631578947368421
0.18181818181818182
0.4
0.05
0.36363636363636365
0.2727272727272727
0.0
0.4
0.14285714285714285
0.13333333333333333
0.4
0.5
0.42857142857142855
0.6666666666666666
0.08333333333333333
0.3
0.25
0.17647058823529413
0.18181818181818182
0.09523809523809523
0.5
0.14285714285714285
0.14285714285714285
0.14285714285714285
0.2
0.6
0.08928571428571429
0.09090909090909091
0.2857142857142857
0.0975609756097561
0.8
0.08333333333333333
0.3333333333333333
0.2857142857142857
0.16666666666666666
0.23809523809523808
0.2
0.125
0.26666666666666666
0.034482758620689655
0.375
0.3333333333333333
0.2857142857142857
0.3333333333333333
0.2
0.125
0.6666666666666666
0.25
0.1875
0.16666666666666666
0.18181818181818182
0.0
0.5555555555555556
0.3333333333333333
0.4
0.14285714285714285
0.13636363636363635
0.07692307692307693
0.8
0.16666666666666666
0.07407407407407407
0.26666666666666666
0.03676470588235294
0.14285714285714285
0.1111111111111111
0.15384615384615385
0.4
0.2727272727272727
0.3333333333333333
0.2857142857142857
0.2
0.2
0.11494252873563218
0.1
0.3333333333333333
0.4166666666666667
0.3333333333333333
0.13636363636363635
0.02857142857142857
0.25
0.0
0.2
0.26666666666666666
0.10526315789473684
0.8333333333333334
0.2
0.0
0.6666666666666666
0.5
0.07317073170731707
0.5
0.3333333333333333
0.3333333333333333
0.5
0.1
0.2857142857142857
0.2
0.36363636363636365
0.25
0.13333333333333333
0.08695652173913043
0.25
0.07692307692307693
0.06666666666666667
0.04
0.25
0.0
0.09090909090909091
0.2
0.0
0.3333333333333333
0.125
0.6
0.23333333333333334
0.09090909090909091
0.1111111111111111
0.3
0.03125
0.5714285714285714
0.36363636363636365
0.6
0.24
0.375
0.3333333333333333
0.25
0.16666666666666666
0.25
0.16666666666666666
0.20833333333333334
0.22727272727272727
0.5
0.25
0.375
0.4
0.4
0.2
0.4
0.17142857142857143
0.07692307692307693
0.25
0.4
0.06474820143884892
0.12903225806451613
0.2
0.5
0.10810810810810811
1.0
0.42857142857142855
0.08333333333333333
0.04
0.6
0.21428571428571427
0.3333333333333333
0.16666666666666666
0.2
0.1111111111111111
0.6
0.16666666666666666
0.4166666666666667
0.0
0.25
0.06451612903225806
0.13333333333333333
0.16666666666666666
0.0
0.18181818181818182
0.3333333333333333
0.5
0.3076923076923077
0.3125
0.13043478260869565
0.09090909090909091
0.2
0.1
0.0
0.4
0.3333333333333333
0.06666666666666667
0.375
0.2
0.6
0.2
0.19047619047619047
0.05263157894736842
0.0625
0.1111111111111111
0.25
0.42857142857142855
0.2
0.5
0.1267605633802817
0.125
0.058823529411764705
0.625
0.07142857142857142
0.09302325581395349
0.12121212121212122
0.4
0.5
0.25
0.5
0.2
0.043478260869565216
0.3333333333333333
0.16666666666666666
1.0
0.10344827586206896
0.07142857142857142
0.16666666666666666
0.4
0.6
0.4
0.3333333333333333
0.25
0.17543859649122806
0.3125
0.2
0.16666666666666666
0.0967741935483871
0.7142857142857143
0.4
0.14285714285714285
0.5714285714285714
0.23076923076923078
0.2
0.36363636363636365
0.1111111111111111
0.08695652173913043
0.5
0.23809523809523808
0.0
0.375
0.1
0.6666666666666666
0.5714285714285714
0.14285714285714285
0.6
0.5714285714285714
0.16666666666666666
0.15384615384615385
0.06944444444444445
0.14285714285714285
0.25
0.18181818181818182
0.1111111111111111
0.027777777777777776
0.0
0.2857142857142857
0.12048192771084337
0.2
0.4
0.3076923076923077
0.2
0.3333333333333333
0.07142857142857142
0.42857142857142855
0.4
0.42857142857142855
0.08823529411764706
0.3333333333333333
0.2
0.26666666666666666
0.0
0.1111111111111111
0.16666666666666666
0.17647058823529413
0.6666666666666666
0.5
0.5714285714285714
1.0
0.0
0.17142857142857143
0.23076923076923078
0.2
0.2857142857142857
0.4166666666666667
0.07142857142857142
0.6666666666666666
0.125
0.4
0.5
0.375
0.1111111111111111
0.3333333333333333
0.3333333333333333
0.2
0.07407407407407407
0.25
0.375
0.13636363636363635
0.225
0.0
0.3333333333333333
0.16666666666666666
0.0
0.1
0.0
0.17857142857142858
0.13513513513513514
0.2222222222222222
0.38095238095238093
0.0
0.42857142857142855
0.375
0.1
0.09090909090909091
0.21428571428571427
0.6
0.10256410256410256
0.125
0.4
0.2
0.16666666666666666
0.09090909090909091
0.03125
0.2857142857142857
0.42857142857142855
0.4
0.047619047619047616
0.2
0.3888888888888889
0.02702702702702703
0.21739130434782608
0.2
0.15789473684210525
0.25
0.08333333333333333
0.0
0.2
0.0975609756097561
0.42857142857142855
0.2857142857142857
0.25
0.14285714285714285
0.037037037037037035
0.12
0.1111111111111111
0.18181818181818182
0.17647058823529413
0.1875
0.11538461538461539
0.4
0.11764705882352941
0.04838709677419355
0.2857142857142857
0.23076923076923078
0.4
0.6
0.07547169811320754
0.16666666666666666
0.4
0.3333333333333333
0.13333333333333333
0.13333333333333333
0.3333333333333333
0.07317073170731707
0.3333333333333333
0.4
0.13333333333333333
0.15384615384615385
0.125
0.14285714285714285
0.42857142857142855
0.125
0.3333333333333333
0.18181818181818182
0.14285714285714285
0.2857142857142857
0.14492753623188406
0.21428571428571427
0.3333333333333333
0.0
0.2727272727272727
0.12244897959183673
0.8
0.3333333333333333
0.5
0.1111111111111111
0.1016949152542373
0.18181818181818182
0.4
0.14285714285714285
0.0
0.09090909090909091
0.375
0.25
0.10714285714285714
0.42857142857142855
0.16
0.21428571428571427
0.2857142857142857
0.125
0.18181818181818182
0.125
0.3
0.1346153846153846
0.16666666666666666
0.07692307692307693
0.12195121951219512
0.0
0.16666666666666666
0.2857142857142857
0.75
0.4
0.15151515151515152
0.2857142857142857
0.1590909090909091
0.1111111111111111
0.15151515151515152
0.3076923076923077
0.14285714285714285
0.16666666666666666
0.21428571428571427
0.13333333333333333
0.42857142857142855
0.26666666666666666
0.1
0.3333333333333333
0.3333333333333333
1.0
0.041666666666666664
0.16666666666666666
0.26666666666666666
0.2857142857142857
0.25
0.375
0.3333333333333333
0.6
0.037037037037037035
0.5454545454545454
0.125
0.2222222222222222
0.13513513513513514
0.4
0.2857142857142857
0.5
0.029411764705882353
0.4
0.16666666666666666
0.375
0.14285714285714285
0.11538461538461539
0.21212121212121213
0.2857142857142857
0.0
0.4
0.1875
0.2
0.2
0.1111111111111111
0.2
0.6666666666666666
0.2857142857142857
0.6
0.3
0.2727272727272727
0.2
0.25
0.23076923076923078
0.06557377049180328
0.3333333333333333
0.2857142857142857
0.42105263157894735
0.1590909090909091
0.10526315789473684
0.11428571428571428
0.08771929824561403
0.1111111111111111
0.0
0.2857142857142857
0.2222222222222222
0.5
0.3333333333333333
0.29411764705882354
0.09302325581395349
0.17777777777777778
0.8333333333333334
0.5
0.21428571428571427
0.7142857142857143
0.4
0.625
0.2222222222222222
0.3125
0.3333333333333333
0.6
0.16666666666666666
0.4
0.1
0.4
0.14285714285714285
0.3333333333333333
0.5
0.0
0.3333333333333333
0.0
0.1111111111111111
0.6666666666666666
0.42857142857142855
0.125
0.4
0.06422018348623854
0.125
0.22727272727272727
0.2
0.42857142857142855
0.3333333333333333
1.0
0.0625
0.06666666666666667
0.061224489795918366
0.0
0.02564102564102564
0.07407407407407407
0.23076923076923078
0.0625
0.25
0.3888888888888889
0.125
0.25
0.3157894736842105
0.10752688172043011
0.1694915254237288
0.6
0.1
0.06451612903225806
0.23076923076923078
0.25
0.3
0.2
0.21739130434782608
0.0
0.08333333333333333
0.25
0.3333333333333333
0.2222222222222222
0.25
0.0
0.17647058823529413
0.42857142857142855
0.19230769230769232
0.4166666666666667
0.05263157894736842
0.3
0.125
0.8333333333333334
0.25
0.0
0.14285714285714285
0.5
0.6
1.0
0.3333333333333333
0.13636363636363635
0.7142857142857143
0.30303030303030304
0.5714285714285714
0.07692307692307693
0.16666666666666666
0.2222222222222222
0.14285714285714285
0.2857142857142857
0.13043478260869565
0.2857142857142857
0.6
0.25
0.125
0.1111111111111111
0.10714285714285714
0.12121212121212122
0.6
0.09523809523809523
0.125
0.21428571428571427
0.14285714285714285
0.11538461538461539
0.21428571428571427
0.25
0.4
0.1
0.2727272727272727
0.1111111111111111
0.6
0.2857142857142857
0.2857142857142857
0.06521739130434782
0.4
0.25
0.1111111111111111
0.16666666666666666
0.14285714285714285
0.15
0.8
0.26666666666666666
0.8
0.10526315789473684
0.21428571428571427
0.2857142857142857
0.5
0.06944444444444445
0.75
0.16666666666666666
0.6
0.3333333333333333
0.1875
0.17391304347826086
0.1111111111111111
0.25
0.1
0.14285714285714285
0.06451612903225806
0.375
0.1
0.2727272727272727
0.14285714285714285
0.3333333333333333
0.3888888888888889
0.12048192771084337
0.3
0.2
0.2222222222222222
0.2916666666666667
0.15384615384615385
0.6
0.10714285714285714
0.08333333333333333
0.05
0.03225806451612903
0.375
0.2727272727272727
0.5
0.4166666666666667
0.17073170731707318
0.2
0.18181818181818182
0.07142857142857142
0.1
0.2727272727272727
0.4
0.15384615384615385
0.26666666666666666
0.34782608695652173
0.3333333333333333
0.4
0.36
0.25
0.0
0.25
0.0
0.45454545454545453
0.23529411764705882
0.29411764705882354
0.25
0.08571428571428572
0.16666666666666666
0.42857142857142855
0.3333333333333333
0.03508771929824561
0.4
0.38461538461538464
0.08333333333333333
0.1016949152542373
0.25
0.8
0.16666666666666666
0.5714285714285714
0.5714285714285714
0.2
0.3333333333333333
0.0625
0.18421052631578946
0.20833333333333334
0.3333333333333333
0.1
0.0
0.18181818181818182
0.07407407407407407
0.16666666666666666
0.42857142857142855
0.5555555555555556
0.625
0.4117647058823529
0.2857142857142857
0.15384615384615385
0.14285714285714285
0.07142857142857142
0.8333333333333334
0.09090909090909091
0.6666666666666666
0.6
0.5
0.5
0.6
0.3333333333333333
0.125
0.6
0.6666666666666666
0.3333333333333333
0.3333333333333333
0.2727272727272727
0.14285714285714285
0.6
0.7142857142857143
0.0625
0.07894736842105263
0.2
0.1111111111111111
0.12
0.06451612903225806
0.4444444444444444
0.1
0.18181818181818182
0.2857142857142857
0.10714285714285714
0.2222222222222222
0.17647058823529413
0.30303030303030304
0.3333333333333333
0.2
0.04918032786885246
0.36363636363636365
0.043478260869565216
0.13432835820895522
0.09523809523809523
0.0
0.16666666666666666
0.175
0.07526881720430108
0.14285714285714285
0.05
0.3333333333333333
0.625
0.6
0.0
0.45454545454545453
0.1111111111111111
0.3333333333333333
0.4
0.375
0.08333333333333333
0.16666666666666666
0.5714285714285714
0.375
0.09090909090909091
0.5
0.03571428571428571
0.6
0.09523809523809523
0.05
0.5
0.3333333333333333
0.3
0.2
0.3
0.0
0.2
0.5555555555555556
0.1
0.0
0.0
0.1111111111111111
0.2727272727272727
0.02857142857142857
0.2
0.3333333333333333
0.45454545454545453
0.08695652173913043
0.2
0.2
0.25
0.09090909090909091
0.07692307692307693
0.047619047619047616
0.07407407407407407
0.0
0.0
0.8
0.6666666666666666
0.125
0.2
0.18181818181818182
0.3125
0.6
0.5
0.1875
0.14285714285714285
0.041666666666666664
0.8
0.05263157894736842
0.4
0.2
0.2222222222222222
0.2727272727272727
0.2
0.21428571428571427
0.16666666666666666
0.4117647058823529
0.2222222222222222
0.14285714285714285
0.17647058823529413
0.16666666666666666
0.14285714285714285
0.36363636363636365
0.09090909090909091
0.4
0.6
0.625
0.2
0.3333333333333333
0.17647058823529413
0.21428571428571427
0.2727272727272727
0.08333333333333333
0.2857142857142857
0.18181818181818182
0.35
0.4444444444444444
0.5
0.1
0.36363636363636365
0.4444444444444444
0.16129032258064516
0.25
0.25
0.36363636363636365
0.2222222222222222
0.5
0.05
0.1
0.10714285714285714
0.125
0.2857142857142857
0.1
0.6
0.3
0.6
0.8
0.23076923076923078
0.04878048780487805
0.05263157894736842
0.25
0.4
0.6
0.36363636363636365
0.11428571428571428
0.1875
0.42857142857142855
0.02631578947368421
0.7272727272727273
0.11627906976744186
0.125
0.3333333333333333
0.375
0.6666666666666666
0.23529411764705882
0.2
0.8333333333333334
0.42857142857142855
0.1
0.2647058823529412
0.2857142857142857
0.16666666666666666
0.2857142857142857
0.10526315789473684
0.6
0.8
0.25
0.09090909090909091
0.10526315789473684
0.3333333333333333
0.4
0.2631578947368421
0.2222222222222222
0.6
0.4
0.625
0.5
0.14634146341463414
0.07017543859649122
0.1568627450980392
0.5
0.11627906976744186
0.0967741935483871
0.6
0.36363636363636365
0.6
0.3333333333333333
0.6
0.125
0.1111111111111111
0.2857142857142857
0.1
0.14285714285714285
0.21428571428571427
0.0
0.16666666666666666
0.25
0.18181818181818182
0.25
0.3333333333333333
0.3333333333333333
0.05
0.4
0.6
0.047619047619047616
0.05263157894736842
0.09523809523809523
0.11538461538461539
0.12
0.1282051282051282
0.1
0.6
0.42857142857142855
0.16666666666666666
0.42857142857142855
0.4
0.18181818181818182
0.13636363636363635
0.3333333333333333
0.23529411764705882
0.375
0.5
0.42857142857142855
0.28
0.0
0.4444444444444444
0.3
0.125
0.07142857142857142
0.0
0.16666666666666666
0.6
0.5
0.15789473684210525
0.36363636363636365
0.0
0.1875
0.6
0.29411764705882354
0.3125
0.125
0.3
0.18181818181818182
0.4
0.4
0.06666666666666667
0.2
0.10869565217391304
0.2857142857142857
0.15384615384615385
0.8
0.23809523809523808
0.13157894736842105
0.6
0.4375
0.2
0.0
0.38461538461538464
0.2
0.25
0.4
0.11475409836065574
0.3
0.42857142857142855
0.5714285714285714
0.0
0.14285714285714285
0.13793103448275862
0.5
0.125
0.2857142857142857
0.2222222222222222
0.25
0.2222222222222222
0.2
0.25
0.2222222222222222
0.0
0.17647058823529413
0.2727272727272727
0.5714285714285714
0.14285714285714285
0.0
0.3333333333333333
0.3333333333333333
0.375
0.391304347826087
0.25
0.058823529411764705
0.2727272727272727
0.4
0.2
0.18181818181818182
0.3333333333333333
0.2
0.16666666666666666
0.058823529411764705
0.4
0.4
0.5
0.0847457627118644
0.6
0.5
0.2
0.3333333333333333
0.18181818181818182
0.5
0.2857142857142857
0.13636363636363635
0.13333333333333333
0.0
0.16666666666666666
0.16666666666666666
0.09090909090909091
0.2
0.02962962962962963
0.13043478260869565
0.5714285714285714
0.3333333333333333
0.2916666666666667
0.05555555555555555
0.7272727272727273
0.20833333333333334
0.11764705882352941
0.42857142857142855
0.25
0.6
0.0
0.1
0.8
0.14285714285714285
0.2
0.11538461538461539
0.06666666666666667
0.15789473684210525
0.11764705882352941
0.2
0.2222222222222222
0.3333333333333333
0.4444444444444444
0.14285714285714285
0.1
0.3333333333333333
0.18181818181818182
0.42857142857142855
0.38461538461538464
0.1111111111111111
0.2222222222222222
0.05263157894736842
0.16666666666666666
0.5
0.2857142857142857
0.22727272727272727
0.08571428571428572
0.16666666666666666
0.3333333333333333
0.2
0.3333333333333333
0.36363636363636365
0.1875
0.17391304347826086
0.4444444444444444
0.2
0.078125
0.2
0.42857142857142855
0.25
0.2
0.16666666666666666
0.07142857142857142
0.16666666666666666
0.043478260869565216
0.10526315789473684
0.17647058823529413
0.027777777777777776
0.16666666666666666
0.4166666666666667
0.2222222222222222
0.0
0.25
