1	0.0	0.0
2	0.022222222222222223	0.5
3	0.022222222222222223	0.3333333333333333
4	0.044444444444444446	0.5
5	0.06666666666666667	0.6
6	0.06666666666666667	0.5
7	0.06666666666666667	0.42857142857142855
8	0.06666666666666667	0.375
9	0.06666666666666667	0.3333333333333333
10	0.06666666666666667	0.3
11	0.06666666666666667	0.2727272727272727
12	0.06666666666666667	0.25
13	0.06666666666666667	0.23076923076923078
14	0.06666666666666667	0.21428571428571427
15	0.06666666666666667	0.2
16	0.06666666666666667	0.1875
17	0.08888888888888889	0.23529411764705882
18	0.08888888888888889	0.2222222222222222
19	0.1111111111111111	0.2631578947368421
20	0.1111111111111111	0.25
21	0.1111111111111111	0.23809523809523808
22	0.1111111111111111	0.22727272727272727
23	0.13333333333333333	0.2608695652173913
24	0.13333333333333333	0.25
25	0.15555555555555556	0.28
26	0.15555555555555556	0.2692307692307692
27	0.17777777777777778	0.2962962962962963
28	0.17777777777777778	0.2857142857142857
29	0.17777777777777778	0.27586206896551724
30	0.17777777777777778	0.26666666666666666
