1	0.0	0.0
2	0.08333333333333333	0.5
3	0.16666666666666666	0.6666666666666666
4	0.25	0.75
5	0.25	0.6
6	0.3333333333333333	0.6666666666666666
7	0.3333333333333333	0.5714285714285714
8	0.3333333333333333	0.5
9	0.4166666666666667	0.5555555555555556
10	0.4166666666666667	0.5
11	0.4166666666666667	0.45454545454545453
12	0.4166666666666667	0.4166666666666667
13	0.4166666666666667	0.38461538461538464
14	0.4166666666666667	0.35714285714285715
15	0.4166666666666667	0.3333333333333333
16	0.4166666666666667	0.3125
17	0.4166666666666667	0.29411764705882354
18	0.4166666666666667	0.2777777777777778
19	0.5	0.3157894736842105
20	0.5	0.3
21	0.5	0.2857142857142857
22	0.5	0.2727272727272727
23	0.5	0.2608695652173913
24	0.5833333333333334	0.2916666666666667
25	0.5833333333333334	0.28
26	0.5833333333333334	0.2692307692307692
27	0.5833333333333334	0.25925925925925924
28	0.5833333333333334	0.25
29	0.5833333333333334	0.2413793103448276
30	0.5833333333333334	0.23333333333333334
