1	0.023809523809523808	1.0
2	0.047619047619047616	1.0
3	0.047619047619047616	0.6666666666666666
4	0.07142857142857142	0.75
5	0.07142857142857142	0.6
6	0.07142857142857142	0.5
7	0.09523809523809523	0.5714285714285714
8	0.11904761904761904	0.625
9	0.14285714285714285	0.6666666666666666
10	0.14285714285714285	0.6
11	0.14285714285714285	0.5454545454545454
12	0.14285714285714285	0.5
13	0.14285714285714285	0.46153846153846156
14	0.14285714285714285	0.42857142857142855
15	0.14285714285714285	0.4
16	0.16666666666666666	0.4375
17	0.19047619047619047	0.47058823529411764
18	0.19047619047619047	0.4444444444444444
19	0.19047619047619047	0.42105263157894735
20	0.19047619047619047	0.4
21	0.19047619047619047	0.38095238095238093
22	0.19047619047619047	0.36363636363636365
23	0.19047619047619047	0.34782608695652173
24	0.19047619047619047	0.3333333333333333
25	0.19047619047619047	0.32
26	0.21428571428571427	0.34615384615384615
27	0.21428571428571427	0.3333333333333333
28	0.21428571428571427	0.32142857142857145
29	0.21428571428571427	0.3103448275862069
30	0.21428571428571427	0.3
