1	0.125	1.0
2	0.125	0.5
3	0.125	0.3333333333333333
4	0.125	0.25
5	0.125	0.2
6	0.125	0.16666666666666666
7	0.125	0.14285714285714285
8	0.125	0.125
9	0.125	0.1111111111111111
10	0.125	0.1
11	0.125	0.09090909090909091
12	0.125	0.08333333333333333
13	0.125	0.07692307692307693
14	0.25	0.14285714285714285
15	0.25	0.13333333333333333
16	0.375	0.1875
17	0.375	0.17647058823529413
18	0.375	0.16666666666666666
19	0.375	0.15789473684210525
20	0.375	0.15
21	0.375	0.14285714285714285
22	0.375	0.13636363636363635
23	0.375	0.13043478260869565
24	0.5	0.16666666666666666
25	0.5	0.16
26	0.5	0.15384615384615385
27	0.5	0.14814814814814814
28	0.5	0.14285714285714285
29	0.5	0.13793103448275862
30	0.5	0.13333333333333333
