1	0.021739130434782608	1.0
2	0.021739130434782608	0.5
3	0.021739130434782608	0.3333333333333333
4	0.043478260869565216	0.5
5	0.043478260869565216	0.4
6	0.043478260869565216	0.3333333333333333
7	0.06521739130434782	0.42857142857142855
8	0.06521739130434782	0.375
9	0.06521739130434782	0.3333333333333333
10	0.08695652173913043	0.4
11	0.08695652173913043	0.36363636363636365
12	0.08695652173913043	0.3333333333333333
13	0.08695652173913043	0.3076923076923077
14	0.10869565217391304	0.35714285714285715
15	0.10869565217391304	0.3333333333333333
