1	0.058823529411764705	1.0
2	0.058823529411764705	0.5
3	0.058823529411764705	0.3333333333333333
4	0.11764705882352941	0.5
5	0.17647058823529413	0.6
6	0.17647058823529413	0.5
7	0.17647058823529413	0.42857142857142855
8	0.23529411764705882	0.5
9	0.23529411764705882	0.4444444444444444
10	0.23529411764705882	0.4
11	0.23529411764705882	0.36363636363636365
12	0.29411764705882354	0.4166666666666667
13	0.35294117647058826	0.46153846153846156
14	0.35294117647058826	0.42857142857142855
15	0.35294117647058826	0.4
