1	0.058823529411764705	1.0
2	0.11764705882352941	1.0
3	0.11764705882352941	0.6666666666666666
4	0.11764705882352941	0.5
5	0.11764705882352941	0.4
6	0.11764705882352941	0.3333333333333333
7	0.11764705882352941	0.2857142857142857
8	0.17647058823529413	0.375
9	0.17647058823529413	0.3333333333333333
10	0.17647058823529413	0.3
11	0.17647058823529413	0.2727272727272727
12	0.17647058823529413	0.25
13	0.17647058823529413	0.23076923076923078
14	0.17647058823529413	0.21428571428571427
15	0.17647058823529413	0.2
