1	0.14285714285714285	1.0
2	0.14285714285714285	0.5
3	0.2857142857142857	0.6666666666666666
4	0.2857142857142857	0.5
5	0.2857142857142857	0.4
6	0.42857142857142855	0.5
7	0.42857142857142855	0.42857142857142855
8	0.42857142857142855	0.375
9	0.42857142857142855	0.3333333333333333
10	0.42857142857142855	0.3
11	0.42857142857142855	0.2727272727272727
12	0.42857142857142855	0.25
13	0.5714285714285714	0.3076923076923077
14	0.7142857142857143	0.35714285714285715
15	0.7142857142857143	0.3333333333333333
