1	0.16666666666666666	1.0
2	0.16666666666666666	0.5
3	0.16666666666666666	0.3333333333333333
4	0.16666666666666666	0.25
5	0.16666666666666666	0.2
6	0.3333333333333333	0.3333333333333333
7	0.3333333333333333	0.2857142857142857
8	0.3333333333333333	0.25
9	0.5	0.3333333333333333
10	0.6666666666666666	0.4
11	0.6666666666666666	0.36363636363636365
12	0.6666666666666666	0.3333333333333333
13	0.6666666666666666	0.3076923076923077
14	0.6666666666666666	0.2857142857142857
15	0.6666666666666666	0.26666666666666666
