1	0.058823529411764705	1.0
2	0.058823529411764705	0.5
3	0.058823529411764705	0.3333333333333333
4	0.058823529411764705	0.25
5	0.058823529411764705	0.2
6	0.058823529411764705	0.16666666666666666
7	0.058823529411764705	0.14285714285714285
8	0.058823529411764705	0.125
9	0.058823529411764705	0.1111111111111111
10	0.058823529411764705	0.1
11	0.058823529411764705	0.09090909090909091
12	0.058823529411764705	0.08333333333333333
13	0.058823529411764705	0.07692307692307693
14	0.058823529411764705	0.07142857142857142
15	0.058823529411764705	0.06666666666666667
