1	0.14285714285714285	1.0
2	0.14285714285714285	0.5
3	0.14285714285714285	0.3333333333333333
4	0.14285714285714285	0.25
5	0.14285714285714285	0.2
6	0.2857142857142857	0.3333333333333333
7	0.2857142857142857	0.2857142857142857
8	0.2857142857142857	0.25
9	0.42857142857142855	0.3333333333333333
10	0.5714285714285714	0.4
11	0.5714285714285714	0.36363636363636365
12	0.5714285714285714	0.3333333333333333
13	0.5714285714285714	0.3076923076923077
14	0.5714285714285714	0.2857142857142857
15	0.5714285714285714	0.26666666666666666
