1	0.06666666666666667	1.0
2	0.06666666666666667	0.5
3	0.06666666666666667	0.3333333333333333
4	0.06666666666666667	0.25
5	0.06666666666666667	0.2
6	0.06666666666666667	0.16666666666666666
7	0.06666666666666667	0.14285714285714285
8	0.06666666666666667	0.125
9	0.13333333333333333	0.2222222222222222
10	0.2	0.3
11	0.26666666666666666	0.36363636363636365
12	0.3333333333333333	0.4166666666666667
13	0.3333333333333333	0.38461538461538464
14	0.3333333333333333	0.35714285714285715
15	0.3333333333333333	0.3333333333333333
