1	0.030303030303030304	1.0
2	0.06060606060606061	1.0
3	0.09090909090909091	1.0
4	0.12121212121212122	1.0
5	0.12121212121212122	0.8
6	0.15151515151515152	0.8333333333333334
7	0.18181818181818182	0.8571428571428571
8	0.21212121212121213	0.875
9	0.21212121212121213	0.7777777777777778
10	0.21212121212121213	0.7
11	0.24242424242424243	0.7272727272727273
12	0.2727272727272727	0.75
13	0.2727272727272727	0.6923076923076923
14	0.2727272727272727	0.6428571428571429
15	0.30303030303030304	0.6666666666666666
