1	0.05263157894736842	1.0
2	0.05263157894736842	0.5
3	0.05263157894736842	0.3333333333333333
4	0.10526315789473684	0.5
5	0.10526315789473684	0.4
6	0.10526315789473684	0.3333333333333333
7	0.10526315789473684	0.2857142857142857
8	0.10526315789473684	0.25
9	0.10526315789473684	0.2222222222222222
10	0.10526315789473684	0.2
11	0.10526315789473684	0.18181818181818182
12	0.10526315789473684	0.16666666666666666
13	0.10526315789473684	0.15384615384615385
14	0.10526315789473684	0.14285714285714285
15	0.10526315789473684	0.13333333333333333
