1	0.06666666666666667	1.0
2	0.06666666666666667	0.5
3	0.06666666666666667	0.3333333333333333
4	0.13333333333333333	0.5
5	0.13333333333333333	0.4
6	0.13333333333333333	0.3333333333333333
7	0.13333333333333333	0.2857142857142857
8	0.13333333333333333	0.25
9	0.13333333333333333	0.2222222222222222
10	0.13333333333333333	0.2
11	0.2	0.2727272727272727
12	0.26666666666666666	0.3333333333333333
13	0.26666666666666666	0.3076923076923077
14	0.26666666666666666	0.2857142857142857
15	0.26666666666666666	0.26666666666666666
16	0.26666666666666666	0.25
17	0.26666666666666666	0.23529411764705882
18	0.26666666666666666	0.2222222222222222
19	0.26666666666666666	0.21052631578947367
20	0.26666666666666666	0.2
21	0.26666666666666666	0.19047619047619047
22	0.26666666666666666	0.18181818181818182
23	0.26666666666666666	0.17391304347826086
24	0.26666666666666666	0.16666666666666666
25	0.26666666666666666	0.16
