1	0.045454545454545456	1.0
2	0.045454545454545456	0.5
3	0.045454545454545456	0.3333333333333333
4	0.045454545454545456	0.25
5	0.045454545454545456	0.2
6	0.045454545454545456	0.16666666666666666
7	0.09090909090909091	0.2857142857142857
8	0.13636363636363635	0.375
9	0.18181818181818182	0.4444444444444444
10	0.22727272727272727	0.5
11	0.22727272727272727	0.45454545454545453
12	0.22727272727272727	0.4166666666666667
13	0.2727272727272727	0.46153846153846156
14	0.3181818181818182	0.5
15	0.36363636363636365	0.5333333333333333
16	0.36363636363636365	0.5
17	0.36363636363636365	0.47058823529411764
18	0.36363636363636365	0.4444444444444444
19	0.36363636363636365	0.42105263157894735
20	0.36363636363636365	0.4
21	0.36363636363636365	0.38095238095238093
22	0.36363636363636365	0.36363636363636365
23	0.36363636363636365	0.34782608695652173
24	0.36363636363636365	0.3333333333333333
25	0.36363636363636365	0.32
