1	0.043478260869565216	1.0
2	0.08695652173913043	1.0
3	0.13043478260869565	1.0
4	0.17391304347826086	1.0
5	0.21739130434782608	1.0
6	0.2608695652173913	1.0
7	0.2608695652173913	0.8571428571428571
8	0.2608695652173913	0.75
9	0.2608695652173913	0.6666666666666666
10	0.2608695652173913	0.6
11	0.2608695652173913	0.5454545454545454
12	0.2608695652173913	0.5
13	0.30434782608695654	0.5384615384615384
14	0.30434782608695654	0.5
15	0.30434782608695654	0.4666666666666667
16	0.34782608695652173	0.5
17	0.391304347826087	0.5294117647058824
18	0.391304347826087	0.5
19	0.43478260869565216	0.5263157894736842
20	0.43478260869565216	0.5
21	0.43478260869565216	0.47619047619047616
22	0.43478260869565216	0.45454545454545453
23	0.43478260869565216	0.43478260869565216
24	0.43478260869565216	0.4166666666666667
25	0.43478260869565216	0.4
