1	0.0	0.0
2	0.05	0.5
3	0.1	0.6666666666666666
4	0.1	0.5
5	0.1	0.4
6	0.1	0.3333333333333333
7	0.1	0.2857142857142857
8	0.15	0.375
9	0.15	0.3333333333333333
10	0.2	0.4
11	0.2	0.36363636363636365
12	0.2	0.3333333333333333
13	0.2	0.3076923076923077
14	0.2	0.2857142857142857
15	0.2	0.26666666666666666
16	0.25	0.3125
17	0.25	0.29411764705882354
18	0.25	0.2777777777777778
19	0.25	0.2631578947368421
20	0.25	0.25
21	0.25	0.23809523809523808
22	0.3	0.2727272727272727
23	0.3	0.2608695652173913
24	0.3	0.25
25	0.3	0.24
