1	0.0	0.0
2	0.0	0.0
3	0.0	0.0
4	0.0	0.0
5	0.0	0.0
6	0.0	0.0
7	0.0	0.0
8	0.0	0.0
9	0.0	0.0
10	0.0	0.0
11	0.07692307692307693	0.09090909090909091
12	0.07692307692307693	0.08333333333333333
13	0.07692307692307693	0.07692307692307693
14	0.07692307692307693	0.07142857142857142
15	0.15384615384615385	0.13333333333333333
16	0.15384615384615385	0.125
17	0.15384615384615385	0.11764705882352941
18	0.15384615384615385	0.1111111111111111
19	0.15384615384615385	0.10526315789473684
20	0.15384615384615385	0.1
21	0.15384615384615385	0.09523809523809523
22	0.15384615384615385	0.09090909090909091
23	0.23076923076923078	0.13043478260869565
24	0.3076923076923077	0.16666666666666666
25	0.3076923076923077	0.16
26	0.3076923076923077	0.15384615384615385
27	0.3076923076923077	0.14814814814814814
28	0.3076923076923077	0.14285714285714285
29	0.3076923076923077	0.13793103448275862
30	0.3076923076923077	0.13333333333333333
