1	0.02040816326530612	1.0
2	0.02040816326530612	0.5
3	0.02040816326530612	0.3333333333333333
4	0.02040816326530612	0.25
5	0.04081632653061224	0.4
6	0.061224489795918366	0.5
7	0.061224489795918366	0.42857142857142855
8	0.061224489795918366	0.375
9	0.061224489795918366	0.3333333333333333
10	0.08163265306122448	0.4
11	0.08163265306122448	0.36363636363636365
12	0.08163265306122448	0.3333333333333333
13	0.08163265306122448	0.3076923076923077
14	0.10204081632653061	0.35714285714285715
15	0.10204081632653061	0.3333333333333333
16	0.12244897959183673	0.375
17	0.12244897959183673	0.35294117647058826
18	0.12244897959183673	0.3333333333333333
19	0.12244897959183673	0.3157894736842105
20	0.12244897959183673	0.3
21	0.12244897959183673	0.2857142857142857
22	0.12244897959183673	0.2727272727272727
23	0.12244897959183673	0.2608695652173913
24	0.12244897959183673	0.25
25	0.12244897959183673	0.24
26	0.12244897959183673	0.23076923076923078
27	0.12244897959183673	0.2222222222222222
28	0.12244897959183673	0.21428571428571427
29	0.12244897959183673	0.20689655172413793
30	0.12244897959183673	0.2
