1	0.14285714285714285	1.0
2	0.14285714285714285	0.5
3	0.14285714285714285	0.3333333333333333
4	0.14285714285714285	0.25
5	0.14285714285714285	0.2
6	0.14285714285714285	0.16666666666666666
7	0.14285714285714285	0.14285714285714285
8	0.14285714285714285	0.125
9	0.14285714285714285	0.1111111111111111
10	0.14285714285714285	0.1
11	0.2857142857142857	0.18181818181818182
12	0.2857142857142857	0.16666666666666666
13	0.2857142857142857	0.15384615384615385
14	0.2857142857142857	0.14285714285714285
15	0.2857142857142857	0.13333333333333333
16	0.42857142857142855	0.1875
17	0.42857142857142855	0.17647058823529413
18	0.42857142857142855	0.16666666666666666
19	0.5714285714285714	0.21052631578947367
20	0.5714285714285714	0.2
21	0.5714285714285714	0.19047619047619047
22	0.7142857142857143	0.22727272727272727
23	0.7142857142857143	0.21739130434782608
24	0.7142857142857143	0.20833333333333334
25	0.7142857142857143	0.2
26	0.7142857142857143	0.19230769230769232
27	0.7142857142857143	0.18518518518518517
28	0.7142857142857143	0.17857142857142858
29	0.8571428571428571	0.20689655172413793
30	0.8571428571428571	0.2
