1	0.008928571428571428	1.0
2	0.008928571428571428	0.5
3	0.017857142857142856	0.6666666666666666
4	0.026785714285714284	0.75
5	0.026785714285714284	0.6
6	0.03571428571428571	0.6666666666666666
7	0.03571428571428571	0.5714285714285714
8	0.03571428571428571	0.5
9	0.03571428571428571	0.4444444444444444
10	0.044642857142857144	0.5
11	0.044642857142857144	0.45454545454545453
12	0.044642857142857144	0.4166666666666667
13	0.05357142857142857	0.46153846153846156
14	0.05357142857142857	0.42857142857142855
15	0.0625	0.4666666666666667
16	0.07142857142857142	0.5
17	0.08035714285714286	0.5294117647058824
18	0.08035714285714286	0.5
19	0.08035714285714286	0.47368421052631576
20	0.08035714285714286	0.45
21	0.08928571428571429	0.47619047619047616
22	0.09821428571428571	0.5
23	0.10714285714285714	0.5217391304347826
24	0.10714285714285714	0.5
25	0.11607142857142858	0.52
26	0.11607142857142858	0.5
27	0.125	0.5185185185185185
28	0.125	0.5
29	0.125	0.4827586206896552
30	0.125	0.4666666666666667
