1	0.2	1.0
2	0.2	0.5
3	0.2	0.3333333333333333
4	0.2	0.25
5	0.2	0.2
6	0.2	0.16666666666666666
7	0.2	0.14285714285714285
8	0.2	0.125
9	0.2	0.1111111111111111
10	0.2	0.1
11	0.2	0.09090909090909091
12	0.2	0.08333333333333333
13	0.2	0.07692307692307693
14	0.2	0.07142857142857142
15	0.2	0.06666666666666667
16	0.2	0.0625
17	0.4	0.11764705882352941
18	0.4	0.1111111111111111
19	0.4	0.10526315789473684
20	0.6	0.15
21	0.8	0.19047619047619047
22	0.8	0.18181818181818182
23	0.8	0.17391304347826086
24	0.8	0.16666666666666666
25	0.8	0.16
26	0.8	0.15384615384615385
27	0.8	0.14814814814814814
28	0.8	0.14285714285714285
29	0.8	0.13793103448275862
30	0.8	0.13333333333333333
