1	0.07142857142857142	1.0
2	0.07142857142857142	0.5
3	0.07142857142857142	0.3333333333333333
4	0.14285714285714285	0.5
5	0.14285714285714285	0.4
6	0.14285714285714285	0.3333333333333333
7	0.21428571428571427	0.42857142857142855
8	0.21428571428571427	0.375
9	0.21428571428571427	0.3333333333333333
10	0.21428571428571427	0.3
11	0.2857142857142857	0.36363636363636365
12	0.2857142857142857	0.3333333333333333
13	0.2857142857142857	0.3076923076923077
14	0.2857142857142857	0.2857142857142857
15	0.2857142857142857	0.26666666666666666
16	0.2857142857142857	0.25
17	0.2857142857142857	0.23529411764705882
18	0.2857142857142857	0.2222222222222222
19	0.2857142857142857	0.21052631578947367
20	0.2857142857142857	0.2
21	0.2857142857142857	0.19047619047619047
22	0.2857142857142857	0.18181818181818182
23	0.2857142857142857	0.17391304347826086
24	0.2857142857142857	0.16666666666666666
25	0.2857142857142857	0.16
26	0.2857142857142857	0.15384615384615385
27	0.35714285714285715	0.18518518518518517
28	0.35714285714285715	0.17857142857142858
29	0.35714285714285715	0.1724137931034483
30	0.35714285714285715	0.16666666666666666
