1	0.08333333333333333	1.0
2	0.08333333333333333	0.5
3	0.08333333333333333	0.3333333333333333
4	0.08333333333333333	0.25
5	0.08333333333333333	0.2
6	0.08333333333333333	0.16666666666666666
7	0.08333333333333333	0.14285714285714285
8	0.16666666666666666	0.25
9	0.25	0.3333333333333333
10	0.3333333333333333	0.4
11	0.3333333333333333	0.36363636363636365
12	0.4166666666666667	0.4166666666666667
13	0.5	0.46153846153846156
14	0.5	0.42857142857142855
15	0.5	0.4
16	0.5833333333333334	0.4375
17	0.5833333333333334	0.4117647058823529
18	0.5833333333333334	0.3888888888888889
19	0.6666666666666666	0.42105263157894735
20	0.6666666666666666	0.4
21	0.6666666666666666	0.38095238095238093
22	0.6666666666666666	0.36363636363636365
23	0.6666666666666666	0.34782608695652173
24	0.6666666666666666	0.3333333333333333
25	0.6666666666666666	0.32
26	0.6666666666666666	0.3076923076923077
27	0.75	0.3333333333333333
28	0.75	0.32142857142857145
29	0.75	0.3103448275862069
30	0.75	0.3
