1	0.16666666666666666	1.0
2	0.16666666666666666	0.5
3	0.16666666666666666	0.3333333333333333
4	0.3333333333333333	0.5
5	0.3333333333333333	0.4
6	0.3333333333333333	0.3333333333333333
7	0.3333333333333333	0.2857142857142857
8	0.5	0.375
9	0.6666666666666666	0.4444444444444444
10	0.6666666666666666	0.4
11	0.6666666666666666	0.36363636363636365
12	0.6666666666666666	0.3333333333333333
13	0.8333333333333334	0.38461538461538464
14	0.8333333333333334	0.35714285714285715
15	0.8333333333333334	0.3333333333333333
16	0.8333333333333334	0.3125
17	0.8333333333333334	0.29411764705882354
18	0.8333333333333334	0.2777777777777778
19	0.8333333333333334	0.2631578947368421
20	0.8333333333333334	0.25
21	1.0	0.2857142857142857
22	1.0	0.2727272727272727
23	1.0	0.2608695652173913
24	1.0	0.25
25	1.0	0.24
26	1.0	0.23076923076923078
27	1.0	0.2222222222222222
28	1.0	0.21428571428571427
29	1.0	0.20689655172413793
30	1.0	0.2
