1	0.0	0.0
2	0.0	0.0
3	0.16666666666666666	0.3333333333333333
4	0.16666666666666666	0.25
5	0.16666666666666666	0.2
6	0.16666666666666666	0.16666666666666666
7	0.16666666666666666	0.14285714285714285
8	0.16666666666666666	0.125
9	0.16666666666666666	0.1111111111111111
10	0.16666666666666666	0.1
11	0.16666666666666666	0.09090909090909091
12	0.16666666666666666	0.08333333333333333
13	0.16666666666666666	0.07692307692307693
14	0.16666666666666666	0.07142857142857142
15	0.16666666666666666	0.06666666666666667
16	0.16666666666666666	0.0625
17	0.16666666666666666	0.058823529411764705
18	0.3333333333333333	0.1111111111111111
19	0.5	0.15789473684210525
20	0.5	0.15
21	0.5	0.14285714285714285
22	0.5	0.13636363636363635
23	0.5	0.13043478260869565
24	0.5	0.125
25	0.5	0.12
26	0.5	0.11538461538461539
27	0.5	0.1111111111111111
28	0.5	0.10714285714285714
29	0.5	0.10344827586206896
30	0.5	0.1
