1	0.010752688172043012	1.0
2	0.021505376344086023	1.0
3	0.021505376344086023	0.6666666666666666
4	0.021505376344086023	0.5
5	0.021505376344086023	0.4
6	0.03225806451612903	0.5
7	0.043010752688172046	0.5714285714285714
8	0.043010752688172046	0.5
9	0.043010752688172046	0.4444444444444444
10	0.043010752688172046	0.4
11	0.053763440860215055	0.45454545454545453
12	0.06451612903225806	0.5
13	0.07526881720430108	0.5384615384615384
14	0.07526881720430108	0.5
15	0.08602150537634409	0.5333333333333333
16	0.08602150537634409	0.5
17	0.08602150537634409	0.47058823529411764
18	0.08602150537634409	0.4444444444444444
19	0.08602150537634409	0.42105263157894735
20	0.0967741935483871	0.45
21	0.0967741935483871	0.42857142857142855
22	0.0967741935483871	0.4090909090909091
23	0.0967741935483871	0.391304347826087
24	0.0967741935483871	0.375
25	0.0967741935483871	0.36
26	0.0967741935483871	0.34615384615384615
27	0.0967741935483871	0.3333333333333333
28	0.10752688172043011	0.35714285714285715
29	0.10752688172043011	0.3448275862068966
30	0.10752688172043011	0.3333333333333333
