1	0.0	0.0
2	0.0	0.0
3	0.0	0.0
4	0.0	0.0
5	0.043478260869565216	0.2
6	0.043478260869565216	0.16666666666666666
7	0.043478260869565216	0.14285714285714285
8	0.043478260869565216	0.125
9	0.043478260869565216	0.1111111111111111
10	0.043478260869565216	0.1
11	0.043478260869565216	0.09090909090909091
12	0.043478260869565216	0.08333333333333333
13	0.043478260869565216	0.07692307692307693
14	0.043478260869565216	0.07142857142857142
15	0.043478260869565216	0.06666666666666667
16	0.08695652173913043	0.125
17	0.08695652173913043	0.11764705882352941
18	0.08695652173913043	0.1111111111111111
19	0.08695652173913043	0.10526315789473684
20	0.08695652173913043	0.1
21	0.08695652173913043	0.09523809523809523
22	0.13043478260869565	0.13636363636363635
23	0.17391304347826086	0.17391304347826086
24	0.17391304347826086	0.16666666666666666
25	0.17391304347826086	0.16
26	0.17391304347826086	0.15384615384615385
27	0.17391304347826086	0.14814814814814814
28	0.17391304347826086	0.14285714285714285
29	0.17391304347826086	0.13793103448275862
30	0.17391304347826086	0.13333333333333333
