1	0.022727272727272728	1.0
2	0.022727272727272728	0.5
3	0.022727272727272728	0.3333333333333333
4	0.022727272727272728	0.25
5	0.045454545454545456	0.4
6	0.06818181818181818	0.5
7	0.06818181818181818	0.42857142857142855
8	0.06818181818181818	0.375
9	0.09090909090909091	0.4444444444444444
10	0.11363636363636363	0.5
11	0.13636363636363635	0.5454545454545454
12	0.13636363636363635	0.5
13	0.13636363636363635	0.46153846153846156
14	0.13636363636363635	0.42857142857142855
15	0.13636363636363635	0.4
16	0.13636363636363635	0.375
17	0.13636363636363635	0.35294117647058826
18	0.13636363636363635	0.3333333333333333
19	0.13636363636363635	0.3157894736842105
20	0.13636363636363635	0.3
21	0.1590909090909091	0.3333333333333333
22	0.18181818181818182	0.36363636363636365
23	0.18181818181818182	0.34782608695652173
24	0.20454545454545456	0.375
25	0.20454545454545456	0.36
26	0.20454545454545456	0.34615384615384615
27	0.20454545454545456	0.3333333333333333
28	0.20454545454545456	0.32142857142857145
29	0.20454545454545456	0.3103448275862069
30	0.20454545454545456	0.3
