1	0.015625	1.0
2	0.03125	1.0
3	0.03125	0.6666666666666666
4	0.03125	0.5
5	0.03125	0.4
6	0.03125	0.3333333333333333
7	0.03125	0.2857142857142857
8	0.03125	0.25
9	0.03125	0.2222222222222222
10	0.03125	0.2
11	0.046875	0.2727272727272727
12	0.046875	0.25
13	0.046875	0.23076923076923078
14	0.046875	0.21428571428571427
15	0.046875	0.2
16	0.046875	0.1875
17	0.0625	0.23529411764705882
18	0.0625	0.2222222222222222
19	0.0625	0.21052631578947367
20	0.078125	0.25
21	0.09375	0.2857142857142857
22	0.09375	0.2727272727272727
23	0.09375	0.2608695652173913
24	0.09375	0.25
25	0.09375	0.24
26	0.09375	0.23076923076923078
27	0.09375	0.2222222222222222
28	0.09375	0.21428571428571427
29	0.09375	0.20689655172413793
30	0.09375	0.2
