1	0.014285714285714285	1.0
2	0.014285714285714285	0.5
3	0.014285714285714285	0.3333333333333333
4	0.014285714285714285	0.25
5	0.014285714285714285	0.2
6	0.02857142857142857	0.3333333333333333
7	0.02857142857142857	0.2857142857142857
8	0.02857142857142857	0.25
9	0.02857142857142857	0.2222222222222222
10	0.02857142857142857	0.2
11	0.02857142857142857	0.18181818181818182
12	0.02857142857142857	0.16666666666666666
13	0.04285714285714286	0.23076923076923078
14	0.04285714285714286	0.21428571428571427
15	0.05714285714285714	0.26666666666666666
16	0.05714285714285714	0.25
17	0.05714285714285714	0.23529411764705882
18	0.05714285714285714	0.2222222222222222
19	0.05714285714285714	0.21052631578947367
20	0.05714285714285714	0.2
21	0.05714285714285714	0.19047619047619047
22	0.07142857142857142	0.22727272727272727
23	0.07142857142857142	0.21739130434782608
24	0.08571428571428572	0.25
25	0.08571428571428572	0.24
26	0.1	0.2692307692307692
27	0.1	0.25925925925925924
28	0.1	0.25
29	0.1	0.2413793103448276
30	0.1	0.23333333333333334
