1	0.017543859649122806	1.0
2	0.03508771929824561	1.0
3	0.03508771929824561	0.6666666666666666
4	0.03508771929824561	0.5
5	0.03508771929824561	0.4
6	0.05263157894736842	0.5
7	0.05263157894736842	0.42857142857142855
8	0.07017543859649122	0.5
9	0.07017543859649122	0.4444444444444444
10	0.07017543859649122	0.4
11	0.07017543859649122	0.36363636363636365
12	0.08771929824561403	0.4166666666666667
13	0.08771929824561403	0.38461538461538464
14	0.08771929824561403	0.35714285714285715
15	0.10526315789473684	0.4
16	0.10526315789473684	0.375
17	0.10526315789473684	0.35294117647058826
18	0.10526315789473684	0.3333333333333333
19	0.12280701754385964	0.3684210526315789
20	0.14035087719298245	0.4
21	0.14035087719298245	0.38095238095238093
22	0.15789473684210525	0.4090909090909091
23	0.17543859649122806	0.43478260869565216
24	0.17543859649122806	0.4166666666666667
25	0.17543859649122806	0.4
26	0.17543859649122806	0.38461538461538464
27	0.17543859649122806	0.37037037037037035
28	0.17543859649122806	0.35714285714285715
29	0.17543859649122806	0.3448275862068966
30	0.17543859649122806	0.3333333333333333
