1	0.030303030303030304	1.0
2	0.06060606060606061	1.0
3	0.06060606060606061	0.6666666666666666
4	0.06060606060606061	0.5
5	0.06060606060606061	0.4
6	0.06060606060606061	0.3333333333333333
7	0.06060606060606061	0.2857142857142857
8	0.09090909090909091	0.375
9	0.09090909090909091	0.3333333333333333
10	0.09090909090909091	0.3
11	0.09090909090909091	0.2727272727272727
12	0.12121212121212122	0.3333333333333333
13	0.15151515151515152	0.38461538461538464
14	0.18181818181818182	0.42857142857142855
15	0.18181818181818182	0.4
16	0.21212121212121213	0.4375
17	0.24242424242424243	0.47058823529411764
18	0.24242424242424243	0.4444444444444444
19	0.2727272727272727	0.47368421052631576
20	0.2727272727272727	0.45
21	0.2727272727272727	0.42857142857142855
22	0.2727272727272727	0.4090909090909091
23	0.2727272727272727	0.391304347826087
24	0.2727272727272727	0.375
25	0.2727272727272727	0.36
26	0.2727272727272727	0.34615384615384615
27	0.2727272727272727	0.3333333333333333
28	0.2727272727272727	0.32142857142857145
29	0.2727272727272727	0.3103448275862069
30	0.2727272727272727	0.3
