1	0.0	0.0
2	0.0	0.0
3	0.025	0.3333333333333333
4	0.025	0.25
5	0.025	0.2
6	0.025	0.16666666666666666
7	0.025	0.14285714285714285
8	0.025	0.125
9	0.025	0.1111111111111111
10	0.025	0.1
11	0.025	0.09090909090909091
12	0.025	0.08333333333333333
13	0.025	0.07692307692307693
14	0.025	0.07142857142857142
15	0.025	0.06666666666666667
16	0.05	0.125
17	0.05	0.11764705882352941
18	0.075	0.16666666666666666
19	0.1	0.21052631578947367
20	0.1	0.2
21	0.1	0.19047619047619047
22	0.125	0.22727272727272727
23	0.15	0.2608695652173913
24	0.15	0.25
25	0.15	0.24
26	0.15	0.23076923076923078
27	0.15	0.2222222222222222
28	0.15	0.21428571428571427
29	0.15	0.20689655172413793
30	0.15	0.2
