1	0.02040816326530612	1.0
2	0.04081632653061224	1.0
3	0.061224489795918366	1.0
4	0.061224489795918366	0.75
5	0.061224489795918366	0.6
6	0.08163265306122448	0.6666666666666666
7	0.10204081632653061	0.7142857142857143
8	0.10204081632653061	0.625
9	0.10204081632653061	0.5555555555555556
10	0.10204081632653061	0.5
11	0.10204081632653061	0.45454545454545453
12	0.10204081632653061	0.4166666666666667
13	0.10204081632653061	0.38461538461538464
14	0.10204081632653061	0.35714285714285715
15	0.10204081632653061	0.3333333333333333
16	0.10204081632653061	0.3125
17	0.10204081632653061	0.29411764705882354
18	0.10204081632653061	0.2777777777777778
19	0.10204081632653061	0.2631578947368421
20	0.12244897959183673	0.3
21	0.14285714285714285	0.3333333333333333
22	0.14285714285714285	0.3181818181818182
23	0.14285714285714285	0.30434782608695654
24	0.14285714285714285	0.2916666666666667
25	0.14285714285714285	0.28
26	0.14285714285714285	0.2692307692307692
27	0.14285714285714285	0.25925925925925924
28	0.16326530612244897	0.2857142857142857
29	0.16326530612244897	0.27586206896551724
30	0.1836734693877551	0.3
