1	0.0	0.0
2	0.0125	0.5
3	0.0125	0.3333333333333333
4	0.0125	0.25
5	0.0125	0.2
6	0.0125	0.16666666666666666
7	0.0125	0.14285714285714285
8	0.0125	0.125
9	0.0125	0.1111111111111111
10	0.0125	0.1
11	0.0125	0.09090909090909091
12	0.0125	0.08333333333333333
13	0.0125	0.07692307692307693
14	0.0125	0.07142857142857142
15	0.0125	0.06666666666666667
16	0.0125	0.0625
17	0.0125	0.058823529411764705
18	0.025	0.1111111111111111
19	0.0375	0.15789473684210525
20	0.05	0.2
21	0.05	0.19047619047619047
22	0.05	0.18181818181818182
23	0.0625	0.21739130434782608
24	0.0625	0.20833333333333334
25	0.0625	0.2
26	0.075	0.23076923076923078
27	0.0875	0.25925925925925924
28	0.1	0.2857142857142857
29	0.1	0.27586206896551724
30	0.1125	0.3
