1	0.006944444444444444	1.0
2	0.013888888888888888	1.0
3	0.020833333333333332	1.0
4	0.020833333333333332	0.75
5	0.020833333333333332	0.6
6	0.027777777777777776	0.6666666666666666
7	0.027777777777777776	0.5714285714285714
8	0.027777777777777776	0.5
9	0.034722222222222224	0.5555555555555556
10	0.034722222222222224	0.5
11	0.041666666666666664	0.5454545454545454
12	0.041666666666666664	0.5
13	0.04861111111111111	0.5384615384615384
14	0.05555555555555555	0.5714285714285714
15	0.05555555555555555	0.5333333333333333
16	0.05555555555555555	0.5
17	0.05555555555555555	0.47058823529411764
18	0.05555555555555555	0.4444444444444444
19	0.05555555555555555	0.42105263157894735
20	0.05555555555555555	0.4
21	0.0625	0.42857142857142855
22	0.06944444444444445	0.45454545454545453
23	0.0763888888888889	0.4782608695652174
24	0.0763888888888889	0.4583333333333333
25	0.0763888888888889	0.44
26	0.0763888888888889	0.4230769230769231
27	0.08333333333333333	0.4444444444444444
28	0.09027777777777778	0.4642857142857143
29	0.09027777777777778	0.4482758620689655
30	0.09722222222222222	0.4666666666666667
