1	0.07692307692307693	1.0
2	0.07692307692307693	0.5
3	0.15384615384615385	0.6666666666666666
4	0.15384615384615385	0.5
5	0.15384615384615385	0.4
6	0.15384615384615385	0.3333333333333333
7	0.15384615384615385	0.2857142857142857
8	0.23076923076923078	0.375
9	0.23076923076923078	0.3333333333333333
10	0.23076923076923078	0.3
11	0.23076923076923078	0.2727272727272727
12	0.23076923076923078	0.25
13	0.23076923076923078	0.23076923076923078
14	0.23076923076923078	0.21428571428571427
15	0.23076923076923078	0.2
16	0.23076923076923078	0.1875
17	0.23076923076923078	0.17647058823529413
18	0.23076923076923078	0.16666666666666666
19	0.23076923076923078	0.15789473684210525
20	0.23076923076923078	0.15
21	0.23076923076923078	0.14285714285714285
22	0.23076923076923078	0.13636363636363635
23	0.3076923076923077	0.17391304347826086
24	0.38461538461538464	0.20833333333333334
25	0.38461538461538464	0.2
26	0.46153846153846156	0.23076923076923078
27	0.46153846153846156	0.2222222222222222
28	0.46153846153846156	0.21428571428571427
29	0.5384615384615384	0.2413793103448276
30	0.5384615384615384	0.23333333333333334
