1	0.0	0.0
2	0.017543859649122806	0.5
3	0.017543859649122806	0.3333333333333333
4	0.017543859649122806	0.25
5	0.017543859649122806	0.2
6	0.017543859649122806	0.16666666666666666
7	0.017543859649122806	0.14285714285714285
8	0.03508771929824561	0.25
9	0.03508771929824561	0.2222222222222222
10	0.03508771929824561	0.2
11	0.05263157894736842	0.2727272727272727
12	0.05263157894736842	0.25
13	0.05263157894736842	0.23076923076923078
14	0.07017543859649122	0.2857142857142857
15	0.07017543859649122	0.26666666666666666
16	0.07017543859649122	0.25
17	0.08771929824561403	0.29411764705882354
18	0.08771929824561403	0.2777777777777778
19	0.08771929824561403	0.2631578947368421
20	0.08771929824561403	0.25
21	0.08771929824561403	0.23809523809523808
22	0.08771929824561403	0.22727272727272727
23	0.08771929824561403	0.21739130434782608
24	0.08771929824561403	0.20833333333333334
25	0.08771929824561403	0.2
26	0.08771929824561403	0.19230769230769232
27	0.08771929824561403	0.18518518518518517
28	0.08771929824561403	0.17857142857142858
29	0.08771929824561403	0.1724137931034483
30	0.08771929824561403	0.16666666666666666
