1	0.017543859649122806	1.0
2	0.03508771929824561	1.0
3	0.03508771929824561	0.6666666666666666
4	0.03508771929824561	0.5
5	0.03508771929824561	0.4
6	0.05263157894736842	0.5
7	0.05263157894736842	0.42857142857142855
8	0.05263157894736842	0.375
9	0.05263157894736842	0.3333333333333333
10	0.05263157894736842	0.3
11	0.05263157894736842	0.2727272727272727
12	0.05263157894736842	0.25
13	0.05263157894736842	0.23076923076923078
14	0.05263157894736842	0.21428571428571427
15	0.05263157894736842	0.2
16	0.05263157894736842	0.1875
17	0.05263157894736842	0.17647058823529413
18	0.07017543859649122	0.2222222222222222
19	0.07017543859649122	0.21052631578947367
20	0.07017543859649122	0.2
21	0.08771929824561403	0.23809523809523808
22	0.08771929824561403	0.22727272727272727
23	0.10526315789473684	0.2608695652173913
24	0.10526315789473684	0.25
25	0.10526315789473684	0.24
26	0.10526315789473684	0.23076923076923078
27	0.10526315789473684	0.2222222222222222
28	0.10526315789473684	0.21428571428571427
29	0.10526315789473684	0.20689655172413793
30	0.10526315789473684	0.2
