1	0.0	0.0
2	0.0	0.0
3	0.047619047619047616	0.3333333333333333
4	0.047619047619047616	0.25
5	0.047619047619047616	0.2
6	0.047619047619047616	0.16666666666666666
7	0.047619047619047616	0.14285714285714285
8	0.09523809523809523	0.25
9	0.14285714285714285	0.3333333333333333
10	0.14285714285714285	0.3
11	0.14285714285714285	0.2727272727272727
12	0.14285714285714285	0.25
13	0.19047619047619047	0.3076923076923077
14	0.19047619047619047	0.2857142857142857
15	0.23809523809523808	0.3333333333333333
16	0.23809523809523808	0.3125
17	0.2857142857142857	0.35294117647058826
18	0.2857142857142857	0.3333333333333333
19	0.2857142857142857	0.3157894736842105
20	0.2857142857142857	0.3
21	0.2857142857142857	0.2857142857142857
22	0.2857142857142857	0.2727272727272727
23	0.2857142857142857	0.2608695652173913
24	0.2857142857142857	0.25
25	0.2857142857142857	0.24
26	0.2857142857142857	0.23076923076923078
27	0.2857142857142857	0.2222222222222222
28	0.2857142857142857	0.21428571428571427
29	0.2857142857142857	0.20689655172413793
30	0.2857142857142857	0.2
