1	0.03571428571428571	1.0
2	0.03571428571428571	0.5
3	0.03571428571428571	0.3333333333333333
4	0.03571428571428571	0.25
5	0.07142857142857142	0.4
6	0.07142857142857142	0.3333333333333333
7	0.10714285714285714	0.42857142857142855
8	0.14285714285714285	0.5
9	0.14285714285714285	0.4444444444444444
10	0.14285714285714285	0.4
11	0.14285714285714285	0.36363636363636365
12	0.14285714285714285	0.3333333333333333
13	0.14285714285714285	0.3076923076923077
14	0.14285714285714285	0.2857142857142857
15	0.14285714285714285	0.26666666666666666
16	0.14285714285714285	0.25
17	0.14285714285714285	0.23529411764705882
18	0.14285714285714285	0.2222222222222222
19	0.17857142857142858	0.2631578947368421
20	0.17857142857142858	0.25
21	0.21428571428571427	0.2857142857142857
22	0.25	0.3181818181818182
23	0.25	0.30434782608695654
24	0.25	0.2916666666666667
25	0.25	0.28
