1	0.041666666666666664	1.0
2	0.08333333333333333	1.0
3	0.08333333333333333	0.6666666666666666
4	0.08333333333333333	0.5
5	0.08333333333333333	0.4
6	0.08333333333333333	0.3333333333333333
7	0.125	0.42857142857142855
8	0.125	0.375
9	0.16666666666666666	0.4444444444444444
10	0.16666666666666666	0.4
11	0.16666666666666666	0.36363636363636365
12	0.16666666666666666	0.3333333333333333
13	0.16666666666666666	0.3076923076923077
14	0.16666666666666666	0.2857142857142857
15	0.16666666666666666	0.26666666666666666
16	0.20833333333333334	0.3125
17	0.25	0.35294117647058826
18	0.25	0.3333333333333333
19	0.25	0.3157894736842105
20	0.25	0.3
21	0.25	0.2857142857142857
22	0.25	0.2727272727272727
23	0.25	0.2608695652173913
24	0.25	0.25
25	0.25	0.24
