1	0.022222222222222223	1.0
2	0.044444444444444446	1.0
3	0.044444444444444446	0.6666666666666666
4	0.044444444444444446	0.5
5	0.044444444444444446	0.4
6	0.044444444444444446	0.3333333333333333
7	0.06666666666666667	0.42857142857142855
8	0.06666666666666667	0.375
9	0.08888888888888889	0.4444444444444444
10	0.08888888888888889	0.4
11	0.08888888888888889	0.36363636363636365
12	0.1111111111111111	0.4166666666666667
13	0.1111111111111111	0.38461538461538464
14	0.13333333333333333	0.42857142857142855
15	0.13333333333333333	0.4
16	0.13333333333333333	0.375
17	0.15555555555555556	0.4117647058823529
18	0.15555555555555556	0.3888888888888889
19	0.17777777777777778	0.42105263157894735
20	0.2	0.45
21	0.2	0.42857142857142855
22	0.2222222222222222	0.45454545454545453
23	0.2222222222222222	0.43478260869565216
24	0.2222222222222222	0.4166666666666667
25	0.2222222222222222	0.4
