1	0.08333333333333333	1.0
2	0.16666666666666666	1.0
3	0.16666666666666666	0.6666666666666666
4	0.16666666666666666	0.5
5	0.16666666666666666	0.4
6	0.16666666666666666	0.3333333333333333
7	0.16666666666666666	0.2857142857142857
8	0.25	0.375
9	0.3333333333333333	0.4444444444444444
10	0.3333333333333333	0.4
11	0.3333333333333333	0.36363636363636365
12	0.3333333333333333	0.3333333333333333
13	0.3333333333333333	0.3076923076923077
14	0.3333333333333333	0.2857142857142857
15	0.3333333333333333	0.26666666666666666
16	0.3333333333333333	0.25
17	0.3333333333333333	0.23529411764705882
18	0.3333333333333333	0.2222222222222222
19	0.3333333333333333	0.21052631578947367
20	0.3333333333333333	0.2
21	0.4166666666666667	0.23809523809523808
22	0.4166666666666667	0.22727272727272727
23	0.4166666666666667	0.21739130434782608
24	0.4166666666666667	0.20833333333333334
25	0.4166666666666667	0.2
