1	0.0	0.0
2	0.02857142857142857	0.5
3	0.02857142857142857	0.3333333333333333
4	0.02857142857142857	0.25
5	0.05714285714285714	0.4
6	0.05714285714285714	0.3333333333333333
7	0.05714285714285714	0.2857142857142857
8	0.05714285714285714	0.25
9	0.08571428571428572	0.3333333333333333
10	0.11428571428571428	0.4
11	0.14285714285714285	0.45454545454545453
12	0.17142857142857143	0.5
13	0.17142857142857143	0.46153846153846156
14	0.17142857142857143	0.42857142857142855
15	0.17142857142857143	0.4
16	0.17142857142857143	0.375
17	0.2	0.4117647058823529
18	0.2	0.3888888888888889
19	0.2	0.3684210526315789
20	0.22857142857142856	0.4
21	0.22857142857142856	0.38095238095238093
22	0.22857142857142856	0.36363636363636365
23	0.2571428571428571	0.391304347826087
24	0.2571428571428571	0.375
25	0.2571428571428571	0.36
