1	0.058823529411764705	1.0
2	0.11764705882352941	1.0
3	0.17647058823529413	1.0
4	0.17647058823529413	0.75
5	0.17647058823529413	0.6
6	0.23529411764705882	0.6666666666666666
7	0.23529411764705882	0.5714285714285714
8	0.23529411764705882	0.5
9	0.23529411764705882	0.4444444444444444
10	0.23529411764705882	0.4
11	0.23529411764705882	0.36363636363636365
12	0.23529411764705882	0.3333333333333333
13	0.23529411764705882	0.3076923076923077
14	0.29411764705882354	0.35714285714285715
15	0.29411764705882354	0.3333333333333333
