1	0.10781883390172207	0.775
2	0.1719733508949996	0.625
3	0.205608044574336	0.5111111111111111
4	0.23539789592668736	0.44375
5	0.2629503473333054	0.4016666666666667
6	0.2821341802487561	0.36388888888888876
7	0.2929344754056691	0.3273809523809526
8	0.3057242893522813	0.30416666666666664
9	0.3186591438496358	0.2814814814814813
10	0.3282660218572491	0.2625000000000001
11	0.3396894670714553	0.2492424242424243
12	0.35161526118474934	0.23749999999999993
13	0.36701734752433585	0.22820512820512787
14	0.37375054828327187	0.21845238095238104
15	0.38316071648808303	0.20944444444444427
