1	0.08467566502159966	0.675
2	0.12439911693696144	0.5166666666666667
3	0.16061388081890746	0.4527777777777777
4	0.1886007613167206	0.40625
5	0.2142637078981231	0.3799999999999999
6	0.2350489800706013	0.3555555555555554
7	0.24977860612694938	0.3297619047619047
8	0.2698582283200586	0.3145833333333333
9	0.2825025173278345	0.29537037037037006
10	0.298829411856451	0.2816666666666668
11	0.3076183895089155	0.2666666666666668
12	0.31377207761432574	0.25208333333333327
13	0.3182704653749195	0.24166666666666625
14	0.32562586396652304	0.2327380952380952
15	0.3312643433717151	0.223333333333333
