1	0.0453848856587606	0.6583333333333333
2	0.07502831424024037	0.5708333333333333
3	0.0933639159820485	0.5000000000000001
4	0.11066389384085858	0.45625
5	0.1272901076675044	0.4216666666666666
6	0.1399874143262943	0.39444444444444443
7	0.15003690651521404	0.36904761904761885
8	0.16144546082576947	0.35520833333333335
9	0.17276359251973464	0.34351851851851845
10	0.18935577542506302	0.3416666666666668
11	0.19830353886951663	0.328030303030303
12	0.20439003532503494	0.3138888888888889
13	0.21173528339978634	0.3012820512820511
14	0.21719215917954435	0.28750000000000003
15	0.22448739476585805	0.27999999999999986
