1	0.04549256051941694	0.6666666666666666
2	0.07220057465692349	0.55
3	0.09761518102628758	0.48055555555555546
4	0.11835816452151994	0.4583333333333333
5	0.13068882892012243	0.4233333333333334
6	0.14191953879467475	0.3972222222222222
7	0.1502803529638418	0.36785714285714294
8	0.1584070146954145	0.346875
9	0.1663192483343263	0.32685185185185167
10	0.17749657481087944	0.3183333333333333
11	0.1841441786195319	0.30378787878787894
12	0.19043183373490238	0.29097222222222224
13	0.19819313208674322	0.28076923076923055
14	0.20582356289031478	0.2750000000000001
15	0.21075535991614666	0.2644444444444442
