1	0.0722333910947611	0.675
2	0.1321797975686778	0.6
3	0.17505582794648322	0.5333333333333331
4	0.2010165849147499	0.4708333333333333
5	0.22657866512848707	0.4300000000000002
6	0.25344377731161655	0.40555555555555567
7	0.26803765561115633	0.37619047619047624
8	0.2815115728368486	0.353125
9	0.2947138154293833	0.3324074074074072
10	0.30941168913097833	0.31666666666666665
11	0.32577704210111313	0.30606060606060626
12	0.3329057439603804	0.29166666666666674
13	0.34062108956805603	0.2788461538461534
14	0.34985456940427984	0.26904761904761904
15	0.35829082914750393	0.2594444444444441
