1	0.052490495431465126	0.775
2	0.07873304068212124	0.6458333333333334
3	0.09783728907323481	0.5638888888888887
4	0.11633801209020508	0.5125
5	0.13190203201520834	0.4716666666666667
6	0.1463672048483535	0.44305555555555537
7	0.15640305402761173	0.4119047619047617
8	0.16524387862427492	0.38645833333333335
9	0.17674996494075207	0.3712962962962961
10	0.18861056516381933	0.35666666666666647
11	0.19753712854051822	0.3431818181818185
12	0.20148802135933638	0.32569444444444445
13	0.20924238218499577	0.3153846153846152
14	0.21550124717293848	0.30297619047619045
15	0.2218218079331277	0.29055555555555534
