0.4
0.3333333333333333
0.5
0.1
0.16666666666666666
0.3333333333333333
0.07142857142857142
0.09090909090909091
0.09090909090909091
0.6
0.4
0.08771929824561403
0.6
0.14285714285714285
0.09090909090909091
0.07692307692307693
0.3333333333333333
0.3
0.29411764705882354
0.6
0.16666666666666666
0.15
0.16666666666666666
0.4
0.08333333333333333
0.16666666666666666
0.0
0.027777777777777776
0.42857142857142855
0.2
0.2857142857142857
0.08333333333333333
0.028985507246376812
0.16666666666666666
0.4166666666666667
0.07352941176470588
0.08333333333333333
0.14285714285714285
0.14285714285714285
0.056179775280898875
0.16666666666666666
0.2222222222222222
0.16666666666666666
0.08333333333333333
0.23529411764705882
0.25
0.1
0.2
0.2
0.2857142857142857
0.08333333333333333
1.0
0.1724137931034483
0.07692307692307693
0.041666666666666664
0.3333333333333333
0.25
0.15384615384615385
0.05555555555555555
0.14285714285714285
0.058823529411764705
0.027777777777777776
0.0
0.05555555555555555
0.6
0.125
0.0
0.4
0.4
0.13333333333333333
0.16666666666666666
0.0
0.125
0.043478260869565216
0.16666666666666666
0.3333333333333333
0.14285714285714285
0.2
0.07142857142857142
0.4
0.05454545454545454
0.13333333333333333
0.5
0.1111111111111111
0.6
0.08333333333333333
0.14285714285714285
0.13333333333333333
0.16666666666666666
0.047619047619047616
0.030303030303030304
0.05
0.4
0.09090909090909091
0.42857142857142855
0.125
0.11538461538461539
0.08571428571428572
0.08695652173913043
0.11363636363636363
0.4
0.0
0.5
0.058823529411764705
0.16666666666666666
0.0
0.06896551724137931
0.5
0.0
0.18181818181818182
0.25
0.14285714285714285
0.14285714285714285
0.0625
0.2
0.5
0.14285714285714285
0.16666666666666666
0.0
0.2857142857142857
0.10526315789473684
0.09090909090909091
0.4
0.05
0.2727272727272727
0.18181818181818182
0.0
0.4
0.07142857142857142
0.06666666666666667
0.4
0.3333333333333333
0.14285714285714285
0.5
0.0
0.1
0.25
0.11764705882352941
0.09090909090909091
0.047619047619047616
0.3333333333333333
0.14285714285714285
0.14285714285714285
0.0
0.2
0.4
0.044642857142857144
0.09090909090909091
0.2857142857142857
0.07317073170731707
0.8
0.08333333333333333
0.2222222222222222
0.23809523809523808
0.09523809523809523
0.19047619047619047
0.2
0.125
0.13333333333333333
0.034482758620689655
0.375
0.2222222222222222
0.2857142857142857
0.3333333333333333
0.1111111111111111
0.125
0.16666666666666666
0.16666666666666666
0.125
0.16666666666666666
0.09090909090909091
0.0
0.2222222222222222
0.3333333333333333
0.4
0.0
0.09090909090909091
0.0
0.8
0.1111111111111111
0.037037037037037035
0.13333333333333333
0.014705882352941176
0.14285714285714285
0.1111111111111111
0.07692307692307693
0.4
0.18181818181818182
0.3333333333333333
0.2857142857142857
0.2
0.0
0.05747126436781609
0.1
0.3333333333333333
0.3333333333333333
0.3333333333333333
0.09090909090909091
0.02857142857142857
0.2
0.0
0.1
0.2
0.02631578947368421
0.5
0.2
0.0
0.5
0.5
0.04878048780487805
0.3
0.26666666666666666
0.19047619047619047
0.25
0.0
0.14285714285714285
0.2
0.36363636363636365
0.15
0.06666666666666667
0.08695652173913043
0.125
0.07692307692307693
0.03333333333333333
0.04
0.125
0.0
0.09090909090909091
0.13333333333333333
0.0
0.3333333333333333
0.125
0.4
0.06666666666666667
0.09090909090909091
0.07407407407407407
0.2
0.015625
0.5714285714285714
0.2727272727272727
0.4
0.16
0.25
0.06666666666666667
0.125
0.16666666666666666
0.25
0.16666666666666666
0.125
0.18181818181818182
0.3333333333333333
0.16666666666666666
0.375
0.4
0.4
0.2
0.4
0.08571428571428572
0.07692307692307693
0.25
0.4
0.02877697841726619
0.06451612903225806
0.2
0.2857142857142857
0.08108108108108109
0.5555555555555556
0.42857142857142855
0.05555555555555555
0.04
0.6
0.14285714285714285
0.19047619047619047
0.0
0.2
0.05555555555555555
0.2
0.0
0.3333333333333333
0.0
0.125
0.0
0.13333333333333333
0.16666666666666666
0.0
0.18181818181818182
0.16666666666666666
0.5
0.19230769230769232
0.15625
0.13043478260869565
0.09090909090909091
0.2
0.06666666666666667
0.0
0.4
0.3333333333333333
0.044444444444444446
0.375
0.2
0.4
0.2
0.19047619047619047
0.017543859649122806
0.0625
0.05555555555555555
0.10714285714285714
0.2857142857142857
0.2
0.375
0.056338028169014086
0.0625
0.058823529411764705
0.25
0.07142857142857142
0.046511627906976744
0.12121212121212122
0.2
0.5
0.15
0.16666666666666666
0.2
0.028985507246376812
0.3333333333333333
0.16666666666666666
1.0
0.034482758620689655
0.047619047619047616
0.16666666666666666
0.4
0.4
0.2
0.3333333333333333
0.25
0.08771929824561403
0.1875
0.2
0.16666666666666666
0.0
0.42857142857142855
0.4
0.14285714285714285
0.5714285714285714
0.15384615384615385
0.2
0.2727272727272727
0.1111111111111111
0.043478260869565216
0.5
0.14285714285714285
0.0
0.125
0.1
0.5
0.2857142857142857
0.14285714285714285
0.4
0.14285714285714285
0.16666666666666666
0.07692307692307693
0.034722222222222224
0.14285714285714285
0.25
0.13636363636363635
0.1111111111111111
0.027777777777777776
0.0
0.2857142857142857
0.060240963855421686
0.2
0.4
0.15384615384615385
0.2
0.3333333333333333
0.07142857142857142
0.14285714285714285
0.3
0.2857142857142857
0.08823529411764706
0.3333333333333333
0.2
0.13333333333333333
0.0
0.1111111111111111
0.16666666666666666
0.058823529411764705
0.5
0.4
0.2857142857142857
0.4444444444444444
0.0
0.14285714285714285
0.15384615384615385
0.15
0.2857142857142857
0.16666666666666666
0.05357142857142857
0.6666666666666666
0.08333333333333333
0.4
0.3333333333333333
0.25
0.1111111111111111
0.16666666666666666
0.3333333333333333
0.2
0.05555555555555555
0.25
0.375
0.13636363636363635
0.125
0.0
0.3333333333333333
0.05555555555555555
0.0
0.05
0.0
0.10714285714285714
0.05405405405405406
0.2222222222222222
0.23809523809523808
0.0
0.42857142857142855
0.375
0.1
0.09090909090909091
0.14285714285714285
0.6
0.05128205128205128
0.08333333333333333
0.2
0.2
0.16666666666666666
0.09090909090909091
0.03125
0.14285714285714285
0.42857142857142855
0.3
0.023809523809523808
0.2
0.2222222222222222
0.02702702702702703
0.17391304347826086
0.2
0.10526315789473684
0.25
0.041666666666666664
0.0
0.0
0.04878048780487805
0.42857142857142855
0.2857142857142857
0.25
0.14285714285714285
0.037037037037037035
0.04
0.1111111111111111
0.18181818181818182
0.11764705882352941
0.1875
0.07692307692307693
0.2
0.11764705882352941
0.04838709677419355
0.0
0.23076923076923078
0.4
0.6
0.03773584905660377
0.08333333333333333
0.4
0.3333333333333333
0.13333333333333333
0.13333333333333333
0.2222222222222222
0.04878048780487805
0.0
0.3
0.06666666666666667
0.15384615384615385
0.0625
0.14285714285714285
0.2857142857142857
0.0625
0.3333333333333333
0.09090909090909091
0.14285714285714285
0.14285714285714285
0.07246376811594203
0.14285714285714285
0.2222222222222222
0.0
0.18181818181818182
0.061224489795918366
0.6
0.3333333333333333
0.5
0.1111111111111111
0.03389830508474576
0.18181818181818182
0.4
0.14285714285714285
0.0
0.09090909090909091
0.20833333333333334
0.125
0.07142857142857142
0.42857142857142855
0.08
0.21428571428571427
0.2857142857142857
0.0625
0.09090909090909091
0.125
0.1
0.07692307692307693
0.16666666666666666
0.0
0.07317073170731707
0.0
0.16666666666666666
0.2857142857142857
0.5
0.2
0.09090909090909091
0.14285714285714285
0.09090909090909091
0.1111111111111111
0.030303030303030304
0.07692307692307693
0.09523809523809523
0.16666666666666666
0.14285714285714285
0.0
0.42857142857142855
0.13333333333333333
0.1
0.16666666666666666
0.3333333333333333
1.0
0.027777777777777776
0.16666666666666666
0.2
0.14285714285714285
0.0625
0.375
0.16666666666666666
0.6
0.037037037037037035
0.36363636363636365
0.0625
0.1111111111111111
0.06756756756756757
0.3
0.14285714285714285
0.25
0.029411764705882353
0.4
0.16666666666666666
0.25
0.14285714285714285
0.07692307692307693
0.12121212121212122
0.14285714285714285
0.0
0.4
0.0625
0.2
0.2
0.1111111111111111
0.15
0.6666666666666666
0.14285714285714285
0.6
0.2
0.18181818181818182
0.2
0.25
0.23076923076923078
0.04918032786885246
0.16666666666666666
0.14285714285714285
0.2631578947368421
0.09090909090909091
0.10526315789473684
0.05714285714285714
0.07017543859649122
0.1111111111111111
0.0
0.14285714285714285
0.2222222222222222
0.5
0.16666666666666666
0.23529411764705882
0.046511627906976744
0.1111111111111111
0.6666666666666666
0.5
0.07142857142857142
0.5714285714285714
0.4
0.5
0.1111111111111111
0.1875
0.2222222222222222
0.4
0.16666666666666666
0.4
0.06666666666666667
0.4
0.14285714285714285
0.2222222222222222
0.3333333333333333
0.0
0.16666666666666666
0.0
0.0
0.3333333333333333
0.2857142857142857
0.125
0.4
0.045871559633027525
0.125
0.18181818181818182
0.2
0.2857142857142857
0.3333333333333333
0.8333333333333334
0.0625
0.06666666666666667
0.061224489795918366
0.0
0.02564102564102564
0.037037037037037035
0.15384615384615385
0.0625
0.1875
0.2222222222222222
0.125
0.25
0.2631578947368421
0.053763440860215055
0.0847457627118644
0.6
0.1
0.03225806451612903
0.11538461538461539
0.25
0.2
0.1
0.043478260869565216
0.0
0.041666666666666664
0.16666666666666666
0.2222222222222222
0.1111111111111111
0.25
0.0
0.17647058823529413
0.2857142857142857
0.07692307692307693
0.20833333333333334
0.05263157894736842
0.2
0.125
0.5
0.25
0.0
0.14285714285714285
0.3333333333333333
0.4
0.6666666666666666
0.0
0.13636363636363635
0.5714285714285714
0.15151515151515152
0.42857142857142855
0.038461538461538464
0.10416666666666667
0.2222222222222222
0.14285714285714285
0.14285714285714285
0.043478260869565216
0.2857142857142857
0.4
0.125
0.0
0.05555555555555555
0.10714285714285714
0.09090909090909091
0.6
0.09523809523809523
0.125
0.21428571428571427
0.14285714285714285
0.0641025641025641
0.21428571428571427
0.25
0.4
0.1
0.2727272727272727
0.1111111111111111
0.6
0.23809523809523808
0.2857142857142857
0.06521739130434782
0.2
0.15
0.1111111111111111
0.16666666666666666
0.14285714285714285
0.05
0.4
0.2
0.6
0.05263157894736842
0.21428571428571427
0.2857142857142857
0.16666666666666666
0.034722222222222224
0.375
0.16666666666666666
0.6
0.3333333333333333
0.0625
0.08695652173913043
0.1111111111111111
0.14285714285714285
0.1
0.14285714285714285
0.06451612903225806
0.25
0.1
0.2727272727272727
0.14285714285714285
0.3333333333333333
0.2777777777777778
0.060240963855421686
0.2
0.2
0.05555555555555555
0.20833333333333334
0.07692307692307693
0.4
0.07142857142857142
0.08333333333333333
0.05
0.03225806451612903
0.25
0.18181818181818182
0.3333333333333333
0.16666666666666666
0.0975609756097561
0.2
0.09090909090909091
0.07142857142857142
0.1
0.18181818181818182
0.2
0.15384615384615385
0.2
0.21739130434782608
0.1111111111111111
0.4
0.2
0.25
0.0
0.15625
0.0
0.2727272727272727
0.17647058823529413
0.11764705882352941
0.25
0.04285714285714286
0.08333333333333333
0.2857142857142857
0.3333333333333333
0.03508771929824561
0.4
0.23076923076923078
0.08333333333333333
0.03389830508474576
0.25
0.6
0.0
0.42857142857142855
0.42857142857142855
0.2
0.3333333333333333
0.020833333333333332
0.07894736842105263
0.16666666666666666
0.2222222222222222
0.1
0.0
0.18181818181818182
0.037037037037037035
0.0
0.2857142857142857
0.2222222222222222
0.5
0.23529411764705882
0.2857142857142857
0.15384615384615385
0.14285714285714285
0.07142857142857142
0.6666666666666666
0.06060606060606061
0.3333333333333333
0.6
0.3333333333333333
0.3333333333333333
0.2
0.3333333333333333
0.125
0.4
0.5
0.25
0.3333333333333333
0.13636363636363635
0.14285714285714285
0.6
0.5714285714285714
0.0625
0.02631578947368421
0.2
0.1111111111111111
0.08
0.06451612903225806
0.2222222222222222
0.1
0.09090909090909091
0.19047619047619047
0.07142857142857142
0.1111111111111111
0.09803921568627451
0.15151515151515152
0.3333333333333333
0.2
0.03278688524590164
0.2727272727272727
0.0
0.05970149253731343
0.047619047619047616
0.0
0.16666666666666666
0.075
0.03225806451612903
0.14285714285714285
0.05
0.3333333333333333
0.25
0.6
0.0
0.36363636363636365
0.05555555555555555
0.16666666666666666
0.4
0.375
0.027777777777777776
0.0
0.42857142857142855
0.25
0.09090909090909091
0.5
0.03571428571428571
0.4
0.09523809523809523
0.05
0.3333333333333333
0.26666666666666666
0.3
0.2
0.3
0.0
0.2
0.2222222222222222
0.1
0.0
0.0
0.037037037037037035
0.18181818181818182
0.014285714285714285
0.12
0.16666666666666666
0.18181818181818182
0.06521739130434782
0.1
0.06666666666666667
0.25
0.09090909090909091
0.07692307692307693
0.047619047619047616
0.07407407407407407
0.0
0.0
0.4
0.3333333333333333
0.125
0.2
0.18181818181818182
0.1875
0.6
0.25
0.125
0.14285714285714285
0.041666666666666664
0.6
0.05263157894736842
0.2
0.2
0.2222222222222222
0.18181818181818182
0.2
0.14285714285714285
0.16666666666666666
0.23529411764705882
0.2222222222222222
0.11428571428571428
0.17647058823529413
0.16666666666666666
0.07142857142857142
0.09090909090909091
0.045454545454545456
0.0
0.4
0.375
0.2
0.3333333333333333
0.11764705882352941
0.21428571428571427
0.09090909090909091
0.08333333333333333
0.0
0.09090909090909091
0.2
0.3333333333333333
0.16666666666666666
0.075
0.2727272727272727
0.2222222222222222
0.12903225806451613
0.25
0.16666666666666666
0.2727272727272727
0.1111111111111111
0.16666666666666666
0.05
0.1
0.07142857142857142
0.125
0.2857142857142857
0.06666666666666667
0.4
0.3
0.2
0.4
0.07692307692307693
0.036585365853658534
0.02631578947368421
0.16666666666666666
0.2
0.6
0.36363636363636365
0.05714285714285714
0.15625
0.14285714285714285
0.02631578947368421
0.45454545454545453
0.05813953488372093
0.08333333333333333
0.3333333333333333
0.375
0.5
0.11764705882352941
0.2
0.5
0.2857142857142857
0.1
0.14705882352941177
0.2857142857142857
0.1111111111111111
0.2857142857142857
0.05263157894736842
0.6
0.8
0.25
0.09090909090909091
0.05263157894736842
0.16666666666666666
0.2
0.21052631578947367
0.2222222222222222
0.6
0.4
0.5
0.3
0.07317073170731707
0.05263157894736842
0.058823529411764705
0.3333333333333333
0.046511627906976744
0.06451612903225806
0.4
0.09090909090909091
0.6
0.16666666666666666
0.4
0.125
0.05555555555555555
0.2857142857142857
0.1
0.08163265306122448
0.14285714285714285
0.0
0.16666666666666666
0.16666666666666666
0.18181818181818182
0.125
0.3333333333333333
0.3333333333333333
0.0
0.4
0.6
0.0
0.0
0.07142857142857142
0.07692307692307693
0.08
0.05128205128205128
0.03333333333333333
0.6
0.42857142857142855
0.16666666666666666
0.14285714285714285
0.4
0.18181818181818182
0.09090909090909091
0.3333333333333333
0.17647058823529413
0.25
0.5
0.42857142857142855
0.16
0.0
0.2222222222222222
0.3
0.0625
0.03571428571428571
0.0
0.16666666666666666
0.6
0.16666666666666666
0.10526315789473684
0.18181818181818182
0.0
0.125
0.4
0.23529411764705882
0.15625
0.125
0.3
0.18181818181818182
0.4
0.4
0.06666666666666667
0.2
0.021739130434782608
0.2857142857142857
0.07692307692307693
0.6
0.09523809523809523
0.10526315789473684
0.4
0.3125
0.2
0.0
0.15384615384615385
0.2
0.25
0.2
0.08196721311475409
0.3
0.2857142857142857
0.2857142857142857
0.0
0.14285714285714285
0.06896551724137931
0.16666666666666666
0.075
0.2857142857142857
0.2222222222222222
0.0
0.1111111111111111
0.2
0.25
0.2222222222222222
0.0
0.08823529411764706
0.13636363636363635
0.5714285714285714
0.0
0.0
0.3333333333333333
0.3333333333333333
0.375
0.21739130434782608
0.25
0.058823529411764705
0.2727272727272727
0.2
0.2
0.18181818181818182
0.26666666666666666
0.2
0.1111111111111111
0.058823529411764705
0.2
0.4
0.3333333333333333
0.0423728813559322
0.6
0.4
0.08571428571428572
0.3333333333333333
0.18181818181818182
0.3333333333333333
0.2857142857142857
0.11363636363636363
0.06666666666666667
0.0
0.1111111111111111
0.16666666666666666
0.045454545454545456
0.2
0.022222222222222223
0.08695652173913043
0.42857142857142855
0.16666666666666666
0.16666666666666666
0.05555555555555555
0.45454545454545453
0.125
0.058823529411764705
0.2857142857142857
0.25
0.4
0.0
0.1
0.4
0.14285714285714285
0.1
0.057692307692307696
0.06666666666666667
0.10526315789473684
0.058823529411764705
0.2
0.2222222222222222
0.3333333333333333
0.3333333333333333
0.14285714285714285
0.0
0.3333333333333333
0.09090909090909091
0.42857142857142855
0.3076923076923077
0.1111111111111111
0.1111111111111111
0.05263157894736842
0.16666666666666666
0.5
0.14285714285714285
0.11363636363636363
0.05714285714285714
0.16666666666666666
0.3333333333333333
0.13333333333333333
0.3333333333333333
0.2727272727272727
0.125
0.17391304347826086
0.3333333333333333
0.2
0.046875
0.2
0.2857142857142857
0.25
0.2
0.16666666666666666
0.07142857142857142
0.08333333333333333
0.043478260869565216
0.10526315789473684
0.11764705882352941
0.0
0.16666666666666666
0.16666666666666666
0.05555555555555555
0.0
0.25
