0.2
0.3333333333333333
0.3333333333333333
0.0
0.0
0.3333333333333333
0.07142857142857142
0.09090909090909091
0.09090909090909091
0.4
0.3
0.05263157894736842
0.6
0.14285714285714285
0.0
0.07692307692307693
0.2222222222222222
0.2
0.17647058823529413
0.6
0.08333333333333333
0.1
0.1111111111111111
0.4
0.041666666666666664
0.16666666666666666
0.0
0.013888888888888888
0.2857142857142857
0.2
0.2857142857142857
0.08333333333333333
0.014492753623188406
0.16666666666666666
0.25
0.04411764705882353
0.0625
0.08571428571428572
0.14285714285714285
0.033707865168539325
0.16666666666666666
0.1111111111111111
0.16666666666666666
0.08333333333333333
0.11764705882352941
0.125
0.1
0.1
0.2
0.2857142857142857
0.08333333333333333
0.6
0.10344827586206896
0.07692307692307693
0.0
0.3333333333333333
0.25
0.15384615384615385
0.05555555555555555
0.0
0.058823529411764705
0.027777777777777776
0.0
0.05555555555555555
0.4
0.125
0.0
0.2
0.4
0.13333333333333333
0.16666666666666666
0.0
0.125
0.043478260869565216
0.16666666666666666
0.3333333333333333
0.14285714285714285
0.2
0.03571428571428571
0.2
0.03636363636363636
0.06666666666666667
0.3333333333333333
0.1111111111111111
0.4
0.08333333333333333
0.14285714285714285
0.13333333333333333
0.08333333333333333
0.0
0.030303030303030304
0.05
0.2
0.09090909090909091
0.2857142857142857
0.125
0.11538461538461539
0.05714285714285714
0.043478260869565216
0.06818181818181818
0.4
0.0
0.3333333333333333
0.058823529411764705
0.16666666666666666
0.0
0.034482758620689655
0.3333333333333333
0.0
0.09090909090909091
0.25
0.14285714285714285
0.09523809523809523
0.0375
0.2
0.5
0.07142857142857142
0.08333333333333333
0.0
0.14285714285714285
0.05263157894736842
0.09090909090909091
0.4
0.05
0.18181818181818182
0.18181818181818182
0.0
0.4
0.047619047619047616
0.06666666666666667
0.4
0.3333333333333333
0.0
0.3333333333333333
0.0
0.1
0.25
0.11764705882352941
0.09090909090909091
0.031746031746031744
0.16666666666666666
0.14285714285714285
0.14285714285714285
0.0
0.2
0.4
0.026785714285714284
0.09090909090909091
0.14285714285714285
0.07317073170731707
0.4
0.08333333333333333
0.0
0.14285714285714285
0.07142857142857142
0.09523809523809523
0.2
0.125
0.06666666666666667
0.034482758620689655
0.375
0.2222222222222222
0.2857142857142857
0.3333333333333333
0.06666666666666667
0.125
0.16666666666666666
0.08333333333333333
0.0625
0.16666666666666666
0.09090909090909091
0.0
0.2222222222222222
0.3333333333333333
0.4
0.0
0.09090909090909091
0.0
0.6
0.05555555555555555
0.0
0.06666666666666667
0.014705882352941176
0.14285714285714285
0.1111111111111111
0.038461538461538464
0.2
0.18181818181818182
0.3333333333333333
0.2857142857142857
0.2
0.0
0.034482758620689655
0.1
0.3333333333333333
0.16666666666666666
0.16666666666666666
0.09090909090909091
0.02857142857142857
0.15
0.0
0.1
0.06666666666666667
0.0
0.5
0.2
0.0
0.3333333333333333
0.3333333333333333
0.036585365853658534
0.3
0.2
0.09523809523809523
0.25
0.0
0.14285714285714285
0.2
0.2727272727272727
0.05
0.0
0.08695652173913043
0.125
0.038461538461538464
0.0
0.04
0.125
0.0
0.09090909090909091
0.13333333333333333
0.0
0.3333333333333333
0.125
0.4
0.03333333333333333
0.09090909090909091
0.07407407407407407
0.2
0.015625
0.42857142857142855
0.18181818181818182
0.2
0.08
0.25
0.06666666666666667
0.125
0.16666666666666666
0.25
0.16666666666666666
0.08333333333333333
0.13636363636363635
0.16666666666666666
0.16666666666666666
0.25
0.4
0.2
0.2
0.2
0.05714285714285714
0.038461538461538464
0.25
0.4
0.02158273381294964
0.03225806451612903
0.2
0.21428571428571427
0.05405405405405406
0.3333333333333333
0.2857142857142857
0.027777777777777776
0.0
0.4
0.07142857142857142
0.09523809523809523
0.0
0.0
0.0
0.2
0.0
0.25
0.0
0.125
0.0
0.13333333333333333
0.16666666666666666
0.0
0.09090909090909091
0.16666666666666666
0.3333333333333333
0.11538461538461539
0.09375
0.08695652173913043
0.09090909090909091
0.2
0.03333333333333333
0.0
0.2
0.16666666666666666
0.022222222222222223
0.375
0.0
0.4
0.2
0.14285714285714285
0.017543859649122806
0.0625
0.05555555555555555
0.07142857142857142
0.14285714285714285
0.2
0.25
0.04225352112676056
0.0625
0.058823529411764705
0.125
0.047619047619047616
0.023255813953488372
0.09090909090909091
0.2
0.3333333333333333
0.1
0.16666666666666666
0.2
0.028985507246376812
0.3333333333333333
0.16666666666666666
0.75
0.0
0.023809523809523808
0.08333333333333333
0.4
0.2
0.2
0.3333333333333333
0.25
0.05263157894736842
0.125
0.2
0.16666666666666666
0.0
0.42857142857142855
0.4
0.14285714285714285
0.2857142857142857
0.15384615384615385
0.2
0.2727272727272727
0.1111111111111111
0.021739130434782608
0.3333333333333333
0.047619047619047616
0.0
0.0
0.1
0.3333333333333333
0.2857142857142857
0.14285714285714285
0.2
0.14285714285714285
0.16666666666666666
0.07692307692307693
0.020833333333333332
0.14285714285714285
0.25
0.09090909090909091
0.1111111111111111
0.027777777777777776
0.0
0.2857142857142857
0.03614457831325301
0.2
0.4
0.07692307692307693
0.2
0.3333333333333333
0.07142857142857142
0.14285714285714285
0.2
0.14285714285714285
0.058823529411764705
0.3333333333333333
0.2
0.06666666666666667
0.0
0.1111111111111111
0.0
0.058823529411764705
0.3333333333333333
0.2
0.14285714285714285
0.2222222222222222
0.0
0.08571428571428572
0.07692307692307693
0.1
0.2857142857142857
0.16666666666666666
0.03571428571428571
0.5
0.041666666666666664
0.2
0.16666666666666666
0.125
0.1111111111111111
0.16666666666666666
0.2222222222222222
0.1
0.037037037037037035
0.16666666666666666
0.25
0.09090909090909091
0.075
0.0
0.3333333333333333
0.05555555555555555
0.0
0.05
0.0
0.07142857142857142
0.05405405405405406
0.1111111111111111
0.14285714285714285
0.0
0.2857142857142857
0.25
0.1
0.09090909090909091
0.07142857142857142
0.4
0.05128205128205128
0.0625
0.2
0.2
0.16666666666666666
0.09090909090909091
0.0
0.14285714285714285
0.42857142857142855
0.2
0.023809523809523808
0.0
0.1111111111111111
0.02702702702702703
0.13043478260869565
0.2
0.10526315789473684
0.125
0.041666666666666664
0.0
0.0
0.024390243902439025
0.42857142857142855
0.2857142857142857
0.25
0.14285714285714285
0.037037037037037035
0.04
0.1111111111111111
0.09090909090909091
0.11764705882352941
0.125
0.057692307692307696
0.2
0.11764705882352941
0.04838709677419355
0.0
0.07692307692307693
0.4
0.4
0.018867924528301886
0.0
0.4
0.16666666666666666
0.13333333333333333
0.06666666666666667
0.1111111111111111
0.04878048780487805
0.0
0.2
0.06666666666666667
0.07692307692307693
0.0
0.14285714285714285
0.2857142857142857
0.0625
0.16666666666666666
0.09090909090909091
0.14285714285714285
0.14285714285714285
0.043478260869565216
0.07142857142857142
0.1111111111111111
0.0
0.09090909090909091
0.04081632653061224
0.6
0.16666666666666666
0.375
0.1111111111111111
0.01694915254237288
0.09090909090909091
0.4
0.14285714285714285
0.0
0.09090909090909091
0.125
0.125
0.03571428571428571
0.14285714285714285
0.04
0.14285714285714285
0.2857142857142857
0.0375
0.09090909090909091
0.125
0.1
0.057692307692307696
0.0
0.0
0.04878048780487805
0.0
0.08333333333333333
0.2857142857142857
0.25
0.2
0.06060606060606061
0.14285714285714285
0.045454545454545456
0.1111111111111111
0.030303030303030304
0.07692307692307693
0.09523809523809523
0.0
0.0
0.0
0.2857142857142857
0.06666666666666667
0.1
0.16666666666666666
0.16666666666666666
0.6666666666666666
0.027777777777777776
0.16666666666666666
0.06666666666666667
0.14285714285714285
0.0625
0.375
0.16666666666666666
0.4
0.0
0.2727272727272727
0.0625
0.1111111111111111
0.04054054054054054
0.2
0.14285714285714285
0.15
0.029411764705882353
0.4
0.16666666666666666
0.25
0.14285714285714285
0.07692307692307693
0.09090909090909091
0.14285714285714285
0.0
0.4
0.0625
0.2
0.2
0.1111111111111111
0.15
0.3333333333333333
0.0
0.6
0.2
0.09090909090909091
0.2
0.25
0.15384615384615385
0.03278688524590164
0.16666666666666666
0.14285714285714285
0.15789473684210525
0.045454545454545456
0.10526315789473684
0.02857142857142857
0.03508771929824561
0.1111111111111111
0.0
0.14285714285714285
0.2222222222222222
0.5
0.16666666666666666
0.17647058823529413
0.023255813953488372
0.06666666666666667
0.3333333333333333
0.3333333333333333
0.07142857142857142
0.42857142857142855
0.2
0.375
0.1111111111111111
0.125
0.1111111111111111
0.4
0.16666666666666666
0.4
0.03333333333333333
0.4
0.14285714285714285
0.1111111111111111
0.3333333333333333
0.0
0.16666666666666666
0.0
0.0
0.16666666666666666
0.14285714285714285
0.125
0.4
0.027522935779816515
0.125
0.13636363636363635
0.2
0.2857142857142857
0.3333333333333333
0.5
0.0625
0.0
0.061224489795918366
0.0
0.02564102564102564
0.037037037037037035
0.07692307692307693
0.0625
0.0625
0.16666666666666666
0.125
0.25
0.15789473684210525
0.03225806451612903
0.05084745762711865
0.2
0.05
0.0
0.038461538461538464
0.125
0.2
0.1
0.043478260869565216
0.0
0.041666666666666664
0.16666666666666666
0.1111111111111111
0.1111111111111111
0.25
0.0
0.058823529411764705
0.14285714285714285
0.07692307692307693
0.125
0.05263157894736842
0.1
0.125
0.3333333333333333
0.125
0.0
0.09523809523809523
0.3333333333333333
0.2
0.3333333333333333
0.0
0.13636363636363635
0.42857142857142855
0.09090909090909091
0.2857142857142857
0.038461538461538464
0.0625
0.1111111111111111
0.0
0.07142857142857142
0.043478260869565216
0.2857142857142857
0.2
0.125
0.0
0.05555555555555555
0.07142857142857142
0.06060606060606061
0.6
0.047619047619047616
0.125
0.21428571428571427
0.14285714285714285
0.038461538461538464
0.21428571428571427
0.125
0.4
0.1
0.18181818181818182
0.1111111111111111
0.4
0.14285714285714285
0.2857142857142857
0.06521739130434782
0.2
0.1
0.1111111111111111
0.16666666666666666
0.14285714285714285
0.05
0.4
0.13333333333333333
0.6
0.05263157894736842
0.21428571428571427
0.14285714285714285
0.0
0.020833333333333332
0.375
0.08333333333333333
0.6
0.3333333333333333
0.03125
0.043478260869565216
0.1111111111111111
0.10714285714285714
0.1
0.14285714285714285
0.06451612903225806
0.25
0.1
0.18181818181818182
0.14285714285714285
0.3333333333333333
0.16666666666666666
0.03614457831325301
0.2
0.2
0.0
0.125
0.07692307692307693
0.4
0.0
0.05555555555555555
0.05
0.03225806451612903
0.25
0.13636363636363635
0.16666666666666666
0.16666666666666666
0.07317073170731707
0.2
0.09090909090909091
0.07142857142857142
0.1
0.09090909090909091
0.2
0.15384615384615385
0.06666666666666667
0.13043478260869565
0.1111111111111111
0.4
0.12
0.25
0.0
0.09375
0.0
0.18181818181818182
0.058823529411764705
0.11764705882352941
0.25
0.02857142857142857
0.08333333333333333
0.2857142857142857
0.16666666666666666
0.017543859649122806
0.4
0.15384615384615385
0.0
0.01694915254237288
0.25
0.6
0.0
0.2857142857142857
0.2857142857142857
0.2
0.1111111111111111
0.020833333333333332
0.07894736842105263
0.08333333333333333
0.1111111111111111
0.1
0.0
0.18181818181818182
0.0
0.0
0.14285714285714285
0.2222222222222222
0.375
0.11764705882352941
0.2857142857142857
0.07692307692307693
0.10714285714285714
0.07142857142857142
0.5
0.030303030303030304
0.16666666666666666
0.4
0.3333333333333333
0.3333333333333333
0.2
0.16666666666666666
0.125
0.0
0.3333333333333333
0.25
0.3333333333333333
0.09090909090909091
0.14285714285714285
0.4
0.42857142857142855
0.0625
0.02631578947368421
0.2
0.1111111111111111
0.04
0.06451612903225806
0.1111111111111111
0.1
0.0
0.09523809523809523
0.0
0.1111111111111111
0.058823529411764705
0.09090909090909091
0.16666666666666666
0.2
0.01639344262295082
0.2727272727272727
0.0
0.04477611940298507
0.047619047619047616
0.0
0.16666666666666666
0.025
0.03225806451612903
0.14285714285714285
0.025
0.3333333333333333
0.125
0.6
0.0
0.18181818181818182
0.05555555555555555
0.0
0.4
0.25
0.0
0.0
0.2857142857142857
0.25
0.06818181818181818
0.3333333333333333
0.0
0.4
0.09523809523809523
0.05
0.3333333333333333
0.13333333333333333
0.1
0.2
0.3
0.0
0.2
0.2222222222222222
0.05
0.0
0.0
0.037037037037037035
0.09090909090909091
0.014285714285714285
0.12
0.16666666666666666
0.18181818181818182
0.021739130434782608
0.1
0.06666666666666667
0.16666666666666666
0.09090909090909091
0.07692307692307693
0.047619047619047616
0.037037037037037035
0.0
0.0
0.4
0.3333333333333333
0.125
0.2
0.18181818181818182
0.125
0.6
0.25
0.125
0.14285714285714285
0.041666666666666664
0.6
0.05263157894736842
0.2
0.2
0.2222222222222222
0.18181818181818182
0.2
0.14285714285714285
0.16666666666666666
0.17647058823529413
0.1111111111111111
0.08571428571428572
0.058823529411764705
0.16666666666666666
0.07142857142857142
0.09090909090909091
0.045454545454545456
0.0
0.4
0.25
0.2
0.3333333333333333
0.11764705882352941
0.14285714285714285
0.09090909090909091
0.08333333333333333
0.0
0.09090909090909091
0.1
0.1111111111111111
0.16666666666666666
0.075
0.18181818181818182
0.2222222222222222
0.0967741935483871
0.25
0.08333333333333333
0.18181818181818182
0.1111111111111111
0.08333333333333333
0.05
0.1
0.03571428571428571
0.0
0.14285714285714285
0.06666666666666667
0.2
0.2
0.2
0.4
0.038461538461538464
0.024390243902439025
0.0
0.16666666666666666
0.2
0.2
0.2727272727272727
0.05714285714285714
0.09375
0.14285714285714285
0.02631578947368421
0.2727272727272727
0.03488372093023256
0.041666666666666664
0.3333333333333333
0.25
0.3333333333333333
0.11764705882352941
0.1
0.5
0.2857142857142857
0.1
0.08823529411764706
0.2857142857142857
0.05555555555555555
0.14285714285714285
0.05263157894736842
0.6
0.6
0.125
0.09090909090909091
0.031578947368421054
0.16666666666666666
0.2
0.10526315789473684
0.2222222222222222
0.6
0.4
0.375
0.1
0.04878048780487805
0.05263157894736842
0.0392156862745098
0.16666666666666666
0.023255813953488372
0.06451612903225806
0.4
0.09090909090909091
0.4
0.16666666666666666
0.4
0.125
0.05555555555555555
0.2857142857142857
0.1
0.04081632653061224
0.07142857142857142
0.0
0.0
0.16666666666666666
0.18181818181818182
0.125
0.3333333333333333
0.16666666666666666
0.0
0.4
0.6
0.0
0.0
0.047619047619047616
0.038461538461538464
0.08
0.02564102564102564
0.0
0.6
0.2857142857142857
0.16666666666666666
0.14285714285714285
0.4
0.09090909090909091
0.045454545454545456
0.3333333333333333
0.17647058823529413
0.25
0.5
0.2857142857142857
0.12
0.0
0.1111111111111111
0.3
0.0625
0.0
0.0
0.16666666666666666
0.6
0.16666666666666666
0.05263157894736842
0.09090909090909091
0.0
0.0625
0.2
0.11764705882352941
0.09375
0.125
0.3
0.18181818181818182
0.2
0.4
0.06666666666666667
0.2
0.0
0.14285714285714285
0.046153846153846156
0.4
0.0
0.07894736842105263
0.4
0.1875
0.2
0.0
0.07692307692307693
0.2
0.125
0.2
0.04918032786885246
0.2
0.14285714285714285
0.2857142857142857
0.0
0.14285714285714285
0.034482758620689655
0.16666666666666666
0.075
0.14285714285714285
0.2222222222222222
0.0
0.1111111111111111
0.15
0.125
0.1111111111111111
0.0
0.08823529411764706
0.13636363636363635
0.42857142857142855
0.0
0.0
0.3333333333333333
0.3333333333333333
0.375
0.13043478260869565
0.125
0.029411764705882353
0.18181818181818182
0.2
0.2
0.09090909090909091
0.13333333333333333
0.2
0.1111111111111111
0.058823529411764705
0.0
0.0
0.3333333333333333
0.025423728813559324
0.2
0.3
0.05714285714285714
0.3333333333333333
0.18181818181818182
0.16666666666666666
0.14285714285714285
0.06818181818181818
0.06666666666666667
0.0
0.05555555555555555
0.16666666666666666
0.045454545454545456
0.2
0.014814814814814815
0.043478260869565216
0.2857142857142857
0.16666666666666666
0.08333333333333333
0.05555555555555555
0.2727272727272727
0.08333333333333333
0.058823529411764705
0.2857142857142857
0.125
0.4
0.0
0.1
0.2
0.14285714285714285
0.0
0.057692307692307696
0.06666666666666667
0.05263157894736842
0.03529411764705882
0.2
0.1111111111111111
0.3333333333333333
0.2222222222222222
0.14285714285714285
0.0
0.3333333333333333
0.0
0.2857142857142857
0.23076923076923078
0.1111111111111111
0.0
0.05263157894736842
0.1111111111111111
0.3333333333333333
0.14285714285714285
0.06818181818181818
0.05714285714285714
0.08333333333333333
0.2222222222222222
0.06666666666666667
0.16666666666666666
0.18181818181818182
0.125
0.08695652173913043
0.3333333333333333
0.2
0.03125
0.2
0.2857142857142857
0.125
0.0
0.16666666666666666
0.07142857142857142
0.08333333333333333
0.043478260869565216
0.05263157894736842
0.058823529411764705
0.0
0.16666666666666666
0.16666666666666666
0.05555555555555555
0.0
0.125
