0.8
0.3333333333333333
0.5
0.1
0.16666666666666666
0.5
0.07142857142857142
0.13636363636363635
0.22727272727272727
0.8
0.8
0.2631578947368421
0.8
0.19047619047619047
0.2727272727272727
0.15384615384615385
0.6666666666666666
0.3
0.4117647058823529
1.0
0.16666666666666666
0.4
0.4444444444444444
0.4
0.08333333333333333
0.16666666666666666
0.07692307692307693
0.06944444444444445
0.7142857142857143
0.5
0.2857142857142857
0.16666666666666666
0.07246376811594203
0.3333333333333333
0.5833333333333334
0.16176470588235295
0.10416666666666667
0.42857142857142855
0.42857142857142855
0.16853932584269662
0.25
0.4444444444444444
0.16666666666666666
0.08333333333333333
0.35294117647058826
0.25
0.15
0.3
0.3
0.42857142857142855
0.25
1.0
0.3448275862068966
0.23076923076923078
0.20833333333333334
0.5
0.5
0.23076923076923078
0.16666666666666666
0.2857142857142857
0.11764705882352941
0.05555555555555555
0.0625
0.2222222222222222
0.6
0.25
0.1
0.6
0.6
0.3333333333333333
0.16666666666666666
0.16666666666666666
0.125
0.08695652173913043
0.8333333333333334
0.3333333333333333
0.2857142857142857
0.2
0.10714285714285714
0.4
0.07272727272727272
0.13333333333333333
0.5
0.3333333333333333
0.8
0.08333333333333333
0.14285714285714285
0.13333333333333333
0.20833333333333334
0.14285714285714285
0.12121212121212122
0.1
0.6
0.18181818181818182
0.7142857142857143
0.125
0.15384615384615385
0.2857142857142857
0.13043478260869565
0.3409090909090909
0.6
0.2
0.6666666666666666
0.17647058823529413
0.16666666666666666
0.0
0.2413793103448276
0.8333333333333334
0.14285714285714285
0.18181818181818182
0.5
0.14285714285714285
0.23809523809523808
0.1625
0.2
0.5
0.14285714285714285
0.16666666666666666
0.0
0.5714285714285714
0.2631578947368421
0.2727272727272727
0.4
0.05
0.36363636363636365
0.36363636363636365
0.05
0.4
0.14285714285714285
0.13333333333333333
0.6
0.5
0.42857142857142855
0.6666666666666666
0.08333333333333333
0.3
0.25
0.23529411764705882
0.2727272727272727
0.15873015873015872
0.5
0.14285714285714285
0.14285714285714285
0.14285714285714285
0.2
0.6
0.13392857142857142
0.18181818181818182
0.42857142857142855
0.0975609756097561
0.8
0.16666666666666666
0.4444444444444444
0.2857142857142857
0.16666666666666666
0.3333333333333333
0.2
0.125
0.26666666666666666
0.06896551724137931
0.5
0.3333333333333333
0.42857142857142855
0.3333333333333333
0.26666666666666666
0.125
0.6666666666666666
0.3333333333333333
0.1875
0.16666666666666666
0.18181818181818182
0.0
0.5555555555555556
0.3333333333333333
0.4
0.14285714285714285
0.13636363636363635
0.3076923076923077
0.8
0.2777777777777778
0.1111111111111111
0.4
0.03676470588235294
0.14285714285714285
0.1111111111111111
0.2692307692307692
0.4
0.36363636363636365
0.3333333333333333
0.2857142857142857
0.2
0.2
0.1724137931034483
0.1
0.5
0.5
0.3333333333333333
0.13636363636363635
0.02857142857142857
0.35
0.07142857142857142
0.2
0.3333333333333333
0.21052631578947367
0.8333333333333334
0.4
0.0
0.8333333333333334
0.5
0.08536585365853659
0.5
0.4
0.47619047619047616
0.5
0.1
0.42857142857142855
0.2
0.36363636363636365
0.25
0.13333333333333333
0.08695652173913043
0.375
0.07692307692307693
0.13333333333333333
0.08
0.25
0.0
0.09090909090909091
0.26666666666666666
0.0
0.3333333333333333
0.125
0.8
0.26666666666666666
0.09090909090909091
0.18518518518518517
0.3
0.09375
0.5714285714285714
0.36363636363636365
0.8
0.28
0.5
0.4
0.25
0.16666666666666666
0.3333333333333333
0.16666666666666666
0.2916666666666667
0.2727272727272727
0.5
0.25
0.5
0.6
0.4
0.2
0.4
0.2
0.07692307692307693
0.25
0.4
0.10071942446043165
0.1935483870967742
0.6
0.6428571428571429
0.1891891891891892
1.0
0.42857142857142855
0.1111111111111111
0.04
0.6
0.21428571428571427
0.3333333333333333
0.2222222222222222
0.2
0.1111111111111111
0.6
0.16666666666666666
0.4166666666666667
0.0
0.375
0.0967741935483871
0.2
0.16666666666666666
0.0
0.18181818181818182
0.3333333333333333
0.5
0.34615384615384615
0.46875
0.13043478260869565
0.09090909090909091
0.2
0.13333333333333333
0.0
0.4
0.3333333333333333
0.08888888888888889
0.375
0.2
0.6
0.2
0.19047619047619047
0.05263157894736842
0.0625
0.16666666666666666
0.35714285714285715
0.42857142857142855
0.2
0.5
0.18309859154929578
0.125
0.11764705882352941
0.625
0.09523809523809523
0.11627906976744186
0.15151515151515152
0.4
0.5
0.3
0.5
0.2
0.043478260869565216
0.3333333333333333
0.16666666666666666
1.0
0.1724137931034483
0.09523809523809523
0.25
0.4
0.8
0.4
0.5
0.25
0.24561403508771928
0.3125
0.2
0.16666666666666666
0.0967741935483871
0.7142857142857143
0.6
0.14285714285714285
0.5714285714285714
0.23076923076923078
0.4
0.45454545454545453
0.1111111111111111
0.10869565217391304
0.5
0.3333333333333333
0.0
0.375
0.3
0.8333333333333334
0.5714285714285714
0.14285714285714285
0.6
0.5714285714285714
0.16666666666666666
0.15384615384615385
0.10416666666666667
0.14285714285714285
0.25
0.18181818181818182
0.16666666666666666
0.05555555555555555
0.0
0.5714285714285714
0.18072289156626506
0.2
0.4
0.3076923076923077
0.2
0.5
0.14285714285714285
0.42857142857142855
0.4
0.42857142857142855
0.14705882352941177
0.3333333333333333
0.2
0.3333333333333333
0.027777777777777776
0.1111111111111111
0.3333333333333333
0.17647058823529413
0.6666666666666666
0.6
0.7142857142857143
1.0
0.0
0.2857142857142857
0.23076923076923078
0.2
0.2857142857142857
0.5
0.07142857142857142
0.6666666666666666
0.125
0.4
0.5
0.375
0.3333333333333333
0.3333333333333333
0.3333333333333333
0.2
0.09259259259259259
0.5
0.375
0.13636363636363635
0.25
0.0
0.3333333333333333
0.16666666666666666
0.0
0.1
0.0
0.25
0.1891891891891892
0.2222222222222222
0.42857142857142855
0.038461538461538464
0.42857142857142855
0.5
0.1
0.09090909090909091
0.42857142857142855
0.6
0.1794871794871795
0.125
0.4
0.2
0.3333333333333333
0.2727272727272727
0.03125
0.2857142857142857
0.42857142857142855
0.4
0.07142857142857142
0.2
0.3888888888888889
0.08108108108108109
0.21739130434782608
0.2
0.15789473684210525
0.25
0.08333333333333333
0.2857142857142857
0.4
0.14634146341463414
0.42857142857142855
0.2857142857142857
0.25
0.14285714285714285
0.037037037037037035
0.12
0.2222222222222222
0.36363636363636365
0.23529411764705882
0.1875
0.1346153846153846
0.4
0.11764705882352941
0.06451612903225806
0.2857142857142857
0.23076923076923078
0.4
0.6
0.09433962264150944
0.16666666666666666
0.4
0.5
0.13333333333333333
0.13333333333333333
0.4444444444444444
0.07317073170731707
0.3333333333333333
0.4
0.13333333333333333
0.15384615384615385
0.125
0.14285714285714285
0.7142857142857143
0.125
0.3333333333333333
0.2727272727272727
0.14285714285714285
0.2857142857142857
0.21739130434782608
0.2857142857142857
0.3333333333333333
0.0
0.2727272727272727
0.16326530612244897
0.8
0.3333333333333333
0.5
0.1111111111111111
0.15254237288135594
0.18181818181818182
0.4
0.14285714285714285
0.0
0.09090909090909091
0.4583333333333333
0.25
0.14285714285714285
0.42857142857142855
0.16
0.2857142857142857
0.2857142857142857
0.1875
0.2727272727272727
0.125
0.3
0.19230769230769232
0.16666666666666666
0.07692307692307693
0.12195121951219512
0.0
0.16666666666666666
0.42857142857142855
0.875
0.4
0.18181818181818182
0.2857142857142857
0.1590909090909091
0.1111111111111111
0.21212121212121213
0.46153846153846156
0.14285714285714285
0.16666666666666666
0.2857142857142857
0.13333333333333333
0.5714285714285714
0.4
0.1
0.5
0.3333333333333333
1.0
0.06944444444444445
0.16666666666666666
0.3333333333333333
0.2857142857142857
0.25
0.875
0.3333333333333333
0.6
0.1111111111111111
0.5454545454545454
0.125
0.2222222222222222
0.20270270270270271
0.4
0.2857142857142857
0.55
0.058823529411764705
0.4
0.3333333333333333
0.375
0.14285714285714285
0.11538461538461539
0.30303030303030304
0.2857142857142857
0.0
0.4
0.1875
0.2
0.4
0.1111111111111111
0.2
0.6666666666666666
0.42857142857142855
0.8
0.3
0.2727272727272727
0.2
0.25
0.23076923076923078
0.09836065573770492
0.3333333333333333
0.2857142857142857
0.47368421052631576
0.18181818181818182
0.21052631578947367
0.11428571428571428
0.10526315789473684
0.1111111111111111
0.0
0.2857142857142857
0.3333333333333333
0.5
0.3333333333333333
0.29411764705882354
0.11627906976744186
0.2222222222222222
0.8333333333333334
0.6666666666666666
0.21428571428571427
1.0
0.4
0.625
0.2777777777777778
0.375
0.3333333333333333
0.6
0.16666666666666666
0.6
0.16666666666666666
0.4
0.14285714285714285
0.3333333333333333
0.5
0.0
0.3333333333333333
0.0
0.2222222222222222
0.6666666666666666
0.42857142857142855
0.125
0.4
0.08256880733944955
0.125
0.3181818181818182
0.2
0.5714285714285714
0.3333333333333333
1.0
0.0625
0.06666666666666667
0.08163265306122448
0.0
0.02564102564102564
0.14814814814814814
0.3076923076923077
0.25
0.25
0.3888888888888889
0.125
0.25
0.3684210526315789
0.16129032258064516
0.2542372881355932
0.6
0.15
0.12903225806451613
0.38461538461538464
0.25
0.4
0.2
0.2608695652173913
0.2
0.08333333333333333
0.5
0.3333333333333333
0.3333333333333333
0.25
0.2
0.17647058823529413
0.5714285714285714
0.23076923076923078
0.5416666666666666
0.07894736842105263
0.3
0.125
0.8333333333333334
0.25
0.2
0.19047619047619047
0.6666666666666666
0.6
1.0
0.3333333333333333
0.13636363636363635
0.7142857142857143
0.45454545454545453
0.5714285714285714
0.11538461538461539
0.16666666666666666
0.2777777777777778
0.14285714285714285
0.2857142857142857
0.2608695652173913
0.2857142857142857
0.6
0.25
0.25
0.16666666666666666
0.10714285714285714
0.12121212121212122
0.6
0.09523809523809523
0.125
0.42857142857142855
0.14285714285714285
0.16666666666666666
0.21428571428571427
0.25
0.4
0.1
0.2727272727272727
0.3333333333333333
0.6
0.42857142857142855
0.2857142857142857
0.06521739130434782
0.4
0.35
0.1111111111111111
0.16666666666666666
0.14285714285714285
0.2
0.8
0.26666666666666666
0.8
0.10526315789473684
0.35714285714285715
0.42857142857142855
0.5
0.09722222222222222
0.75
0.25
0.6
0.3333333333333333
0.28125
0.17391304347826086
0.1111111111111111
0.2857142857142857
0.2
0.14285714285714285
0.06451612903225806
0.5
0.4
0.2727272727272727
0.2857142857142857
0.3333333333333333
0.3888888888888889
0.18072289156626506
0.3
0.3
0.3333333333333333
0.3333333333333333
0.15384615384615385
0.8
0.14285714285714285
0.16666666666666666
0.1
0.03225806451612903
0.375
0.4090909090909091
0.5
0.5833333333333334
0.21951219512195122
0.2
0.18181818181818182
0.14285714285714285
0.1
0.2727272727272727
0.4
0.23076923076923078
0.26666666666666666
0.43478260869565216
0.4444444444444444
0.4
0.48
0.5
0.0
0.28125
0.14285714285714285
0.5454545454545454
0.35294117647058826
0.29411764705882354
0.25
0.12857142857142856
0.25
0.42857142857142855
0.3333333333333333
0.03508771929824561
0.4
0.38461538461538464
0.16666666666666666
0.13559322033898305
0.25
1.0
0.16666666666666666
0.7142857142857143
0.5714285714285714
0.3
0.3333333333333333
0.0625
0.21052631578947367
0.20833333333333334
0.3333333333333333
0.1
0.0
0.2727272727272727
0.07407407407407407
0.16666666666666666
0.42857142857142855
0.6666666666666666
0.625
0.4117647058823529
0.2857142857142857
0.15384615384615385
0.14285714285714285
0.07142857142857142
0.8333333333333334
0.15151515151515152
0.8333333333333334
0.6
0.5
0.5
0.6
0.3333333333333333
0.125
0.6
0.8333333333333334
0.3333333333333333
0.3333333333333333
0.36363636363636365
0.14285714285714285
0.6
0.7142857142857143
0.125
0.10526315789473684
0.2
0.1111111111111111
0.12
0.16129032258064516
0.5555555555555556
0.1
0.18181818181818182
0.38095238095238093
0.10714285714285714
0.2222222222222222
0.17647058823529413
0.42424242424242425
0.5
0.2
0.06557377049180328
0.36363636363636365
0.043478260869565216
0.14925373134328357
0.11904761904761904
0.0
0.16666666666666666
0.25
0.0967741935483871
0.14285714285714285
0.1
0.5
0.625
0.6
0.0
0.45454545454545453
0.1111111111111111
0.5
0.4
0.75
0.1111111111111111
0.16666666666666666
0.7142857142857143
0.375
0.13636363636363635
0.6666666666666666
0.07142857142857142
0.6
0.14285714285714285
0.1
0.5
0.4
0.4
0.2
0.3
0.0
0.4
0.5555555555555556
0.1
0.0
0.0
0.1111111111111111
0.45454545454545453
0.05714285714285714
0.2
0.6666666666666666
0.45454545454545453
0.08695652173913043
0.2
0.3333333333333333
0.25
0.09090909090909091
0.15384615384615385
0.047619047619047616
0.07407407407407407
0.0
0.0
0.8
0.8333333333333334
0.125
0.2
0.18181818181818182
0.375
0.6
0.5
0.1875
0.14285714285714285
0.08333333333333333
0.8
0.05263157894736842
0.4
0.2
0.4444444444444444
0.45454545454545453
0.2
0.35714285714285715
0.16666666666666666
0.5882352941176471
0.2222222222222222
0.17142857142857143
0.23529411764705882
0.3333333333333333
0.17857142857142858
0.6363636363636364
0.18181818181818182
0.4
0.8
0.625
0.4
0.3333333333333333
0.17647058823529413
0.21428571428571427
0.2727272727272727
0.25
0.2857142857142857
0.18181818181818182
0.4
0.4444444444444444
0.6666666666666666
0.125
0.36363636363636365
0.4444444444444444
0.25806451612903225
0.25
0.25
0.36363636363636365
0.2222222222222222
0.5833333333333334
0.05
0.2
0.14285714285714285
0.125
0.2857142857142857
0.16666666666666666
0.6
0.3
0.6
0.8
0.34615384615384615
0.07317073170731707
0.05263157894736842
0.25
0.6
0.6
0.36363636363636365
0.2
0.21875
0.42857142857142855
0.02631578947368421
0.8181818181818182
0.1511627906976744
0.16666666666666666
0.5
0.375
0.6666666666666666
0.29411764705882354
0.2
0.8333333333333334
0.5714285714285714
0.1
0.38235294117647056
0.2857142857142857
0.16666666666666666
0.2857142857142857
0.15789473684210525
0.6
0.8
0.25
0.09090909090909091
0.15789473684210525
0.5
0.4
0.2631578947368421
0.2222222222222222
0.6
0.4
0.625
0.6
0.14634146341463414
0.08771929824561403
0.2549019607843137
0.5
0.13953488372093023
0.12903225806451613
0.6
0.36363636363636365
0.8
0.5
0.6
0.125
0.16666666666666666
0.42857142857142855
0.1
0.1836734693877551
0.2857142857142857
0.0
0.16666666666666666
0.5
0.18181818181818182
0.25
0.3333333333333333
0.3333333333333333
0.075
0.4
0.6
0.047619047619047616
0.15789473684210525
0.11904761904761904
0.15384615384615385
0.16
0.15384615384615385
0.1
0.6
0.42857142857142855
0.16666666666666666
0.5714285714285714
0.4
0.18181818181818182
0.18181818181818182
0.5
0.29411764705882354
0.375
0.6666666666666666
0.42857142857142855
0.44
0.0
0.5555555555555556
0.3
0.1875
0.10714285714285714
0.07692307692307693
0.16666666666666666
0.6
0.6666666666666666
0.21052631578947367
0.36363636363636365
0.0
0.1875
0.6
0.35294117647058826
0.46875
0.125
0.3
0.18181818181818182
0.4
0.4
0.13333333333333333
0.2
0.13043478260869565
0.2857142857142857
0.23076923076923078
0.8
0.2857142857142857
0.21052631578947367
0.6
0.5
0.4
0.0
0.46153846153846156
0.2
0.25
0.4
0.16393442622950818
0.3
0.7142857142857143
0.5714285714285714
0.3333333333333333
0.21428571428571427
0.13793103448275862
0.5
0.125
0.42857142857142855
0.2222222222222222
0.25
0.2222222222222222
0.2
0.25
0.2222222222222222
0.0
0.2647058823529412
0.2727272727272727
0.5714285714285714
0.14285714285714285
0.0
0.4444444444444444
0.5
0.375
0.5652173913043478
0.375
0.058823529411764705
0.36363636363636365
0.4
0.2
0.18181818181818182
0.4
0.2
0.16666666666666666
0.058823529411764705
0.4
0.4
0.5
0.1271186440677966
0.8
0.5
0.2571428571428571
0.4444444444444444
0.18181818181818182
0.6666666666666666
0.2857142857142857
0.1590909090909091
0.13333333333333333
0.0
0.16666666666666666
0.16666666666666666
0.09090909090909091
0.2
0.044444444444444446
0.17391304347826086
0.5714285714285714
0.3333333333333333
0.375
0.05555555555555555
1.0
0.20833333333333334
0.11764705882352941
0.42857142857142855
0.25
0.6
0.2
0.1
0.8
0.14285714285714285
0.3
0.1346153846153846
0.06666666666666667
0.15789473684210525
0.17647058823529413
0.2
0.2222222222222222
0.3333333333333333
0.4444444444444444
0.14285714285714285
0.1
0.3333333333333333
0.2727272727272727
0.42857142857142855
0.46153846153846156
0.2222222222222222
0.2222222222222222
0.07017543859649122
0.2222222222222222
0.5
0.42857142857142855
0.3181818181818182
0.11428571428571428
0.3333333333333333
0.4444444444444444
0.26666666666666666
0.3333333333333333
0.36363636363636365
0.25
0.21739130434782608
0.6666666666666666
0.2
0.109375
0.4
0.7142857142857143
0.375
0.2
0.16666666666666666
0.07142857142857142
0.3333333333333333
0.043478260869565216
0.10526315789473684
0.23529411764705882
0.027777777777777776
0.16666666666666666
0.5
0.2222222222222222
0.0
0.25
