1	0.007194244604316547	1.0
2	0.007194244604316547	0.5
3	0.007194244604316547	0.3333333333333333
4	0.014388489208633094	0.5
5	0.02158273381294964	0.6
6	0.02877697841726619	0.6666666666666666
7	0.02877697841726619	0.5714285714285714
8	0.02877697841726619	0.5
9	0.02877697841726619	0.4444444444444444
10	0.03597122302158273	0.5
11	0.03597122302158273	0.45454545454545453
12	0.03597122302158273	0.4166666666666667
13	0.04316546762589928	0.46153846153846156
14	0.04316546762589928	0.42857142857142855
15	0.04316546762589928	0.4
16	0.04316546762589928	0.375
17	0.050359712230215826	0.4117647058823529
18	0.050359712230215826	0.3888888888888889
19	0.05755395683453238	0.42105263157894735
20	0.06474820143884892	0.45
21	0.07194244604316546	0.47619047619047616
22	0.07913669064748201	0.5
23	0.07913669064748201	0.4782608695652174
24	0.07913669064748201	0.4583333333333333
25	0.07913669064748201	0.44
26	0.07913669064748201	0.4230769230769231
27	0.07913669064748201	0.4074074074074074
28	0.08633093525179857	0.42857142857142855
29	0.09352517985611511	0.4482758620689655
30	0.09352517985611511	0.43333333333333335
