1	0.047619047619047616	1.0
2	0.09523809523809523	1.0
3	0.09523809523809523	0.6666666666666666
4	0.14285714285714285	0.75
5	0.14285714285714285	0.6
6	0.14285714285714285	0.5
7	0.19047619047619047	0.5714285714285714
8	0.19047619047619047	0.5
9	0.19047619047619047	0.4444444444444444
10	0.19047619047619047	0.4
11	0.19047619047619047	0.36363636363636365
12	0.19047619047619047	0.3333333333333333
13	0.19047619047619047	0.3076923076923077
14	0.19047619047619047	0.2857142857142857
15	0.19047619047619047	0.26666666666666666
16	0.19047619047619047	0.25
17	0.19047619047619047	0.23529411764705882
18	0.19047619047619047	0.2222222222222222
19	0.23809523809523808	0.2631578947368421
20	0.23809523809523808	0.25
21	0.2857142857142857	0.2857142857142857
22	0.2857142857142857	0.2727272727272727
23	0.2857142857142857	0.2608695652173913
24	0.2857142857142857	0.25
25	0.3333333333333333	0.28
26	0.3333333333333333	0.2692307692307692
27	0.3333333333333333	0.25925925925925924
28	0.38095238095238093	0.2857142857142857
29	0.38095238095238093	0.27586206896551724
30	0.38095238095238093	0.26666666666666666
