1	0.0	0.0
2	0.01694915254237288	0.5
3	0.01694915254237288	0.3333333333333333
4	0.01694915254237288	0.25
5	0.03389830508474576	0.4
6	0.03389830508474576	0.3333333333333333
7	0.03389830508474576	0.2857142857142857
8	0.03389830508474576	0.25
9	0.03389830508474576	0.2222222222222222
10	0.03389830508474576	0.2
11	0.05084745762711865	0.2727272727272727
12	0.05084745762711865	0.25
13	0.05084745762711865	0.23076923076923078
14	0.05084745762711865	0.21428571428571427
15	0.05084745762711865	0.2
16	0.05084745762711865	0.1875
17	0.05084745762711865	0.17647058823529413
18	0.05084745762711865	0.16666666666666666
19	0.06779661016949153	0.21052631578947367
20	0.0847457627118644	0.25
21	0.1016949152542373	0.2857142857142857
22	0.1016949152542373	0.2727272727272727
23	0.1016949152542373	0.2608695652173913
24	0.1016949152542373	0.25
25	0.1016949152542373	0.24
26	0.1016949152542373	0.23076923076923078
27	0.1016949152542373	0.2222222222222222
28	0.1016949152542373	0.21428571428571427
29	0.11864406779661017	0.2413793103448276
30	0.11864406779661017	0.23333333333333334
