1	0.1	1.0
2	0.2	1.0
3	0.2	0.6666666666666666
4	0.2	0.5
5	0.2	0.4
6	0.2	0.3333333333333333
7	0.2	0.2857142857142857
8	0.2	0.25
9	0.2	0.2222222222222222
10	0.2	0.2
11	0.3	0.2727272727272727
12	0.3	0.25
13	0.3	0.23076923076923078
14	0.3	0.21428571428571427
15	0.4	0.26666666666666666
16	0.5	0.3125
17	0.5	0.29411764705882354
18	0.6	0.3333333333333333
19	0.6	0.3157894736842105
20	0.6	0.3
21	0.6	0.2857142857142857
22	0.6	0.2727272727272727
23	0.6	0.2608695652173913
24	0.6	0.25
25	0.6	0.24
26	0.6	0.23076923076923078
27	0.6	0.2222222222222222
28	0.6	0.21428571428571427
29	0.6	0.20689655172413793
30	0.6	0.2
