1	0.0	0.0
2	0.041666666666666664	0.5
3	0.08333333333333333	0.6666666666666666
4	0.125	0.75
5	0.125	0.6
6	0.16666666666666666	0.6666666666666666
7	0.16666666666666666	0.5714285714285714
8	0.16666666666666666	0.5
9	0.16666666666666666	0.4444444444444444
10	0.16666666666666666	0.4
11	0.16666666666666666	0.36363636363636365
12	0.16666666666666666	0.3333333333333333
13	0.16666666666666666	0.3076923076923077
14	0.16666666666666666	0.2857142857142857
15	0.16666666666666666	0.26666666666666666
16	0.16666666666666666	0.25
17	0.20833333333333334	0.29411764705882354
18	0.25	0.3333333333333333
19	0.2916666666666667	0.3684210526315789
20	0.2916666666666667	0.35
21	0.2916666666666667	0.3333333333333333
22	0.2916666666666667	0.3181818181818182
23	0.3333333333333333	0.34782608695652173
24	0.3333333333333333	0.3333333333333333
25	0.3333333333333333	0.32
26	0.375	0.34615384615384615
27	0.375	0.3333333333333333
28	0.375	0.32142857142857145
29	0.4166666666666667	0.3448275862068966
30	0.4166666666666667	0.3333333333333333
