1	0.125	1.0
2	0.125	0.5
3	0.125	0.3333333333333333
4	0.125	0.25
5	0.125	0.2
6	0.125	0.16666666666666666
7	0.125	0.14285714285714285
8	0.125	0.125
9	0.125	0.1111111111111111
10	0.25	0.2
11	0.25	0.18181818181818182
12	0.375	0.25
13	0.375	0.23076923076923078
14	0.375	0.21428571428571427
15	0.375	0.2
16	0.375	0.1875
17	0.375	0.17647058823529413
18	0.375	0.16666666666666666
19	0.375	0.15789473684210525
20	0.375	0.15
21	0.375	0.14285714285714285
22	0.375	0.13636363636363635
23	0.5	0.17391304347826086
24	0.5	0.16666666666666666
25	0.5	0.16
26	0.5	0.15384615384615385
27	0.5	0.14814814814814814
28	0.5	0.14285714285714285
29	0.5	0.13793103448275862
30	0.5	0.13333333333333333
