1	0.09090909090909091	1.0
2	0.18181818181818182	1.0
3	0.18181818181818182	0.6666666666666666
4	0.18181818181818182	0.5
5	0.2727272727272727	0.6
6	0.36363636363636365	0.6666666666666666
7	0.36363636363636365	0.5714285714285714
8	0.36363636363636365	0.5
9	0.36363636363636365	0.4444444444444444
10	0.36363636363636365	0.4
11	0.36363636363636365	0.36363636363636365
12	0.36363636363636365	0.3333333333333333
13	0.36363636363636365	0.3076923076923077
14	0.36363636363636365	0.2857142857142857
15	0.45454545454545453	0.3333333333333333
16	0.45454545454545453	0.3125
17	0.45454545454545453	0.29411764705882354
18	0.45454545454545453	0.2777777777777778
19	0.45454545454545453	0.2631578947368421
20	0.45454545454545453	0.25
21	0.45454545454545453	0.23809523809523808
22	0.45454545454545453	0.22727272727272727
23	0.45454545454545453	0.21739130434782608
24	0.45454545454545453	0.20833333333333334
25	0.45454545454545453	0.2
26	0.5454545454545454	0.23076923076923078
27	0.5454545454545454	0.2222222222222222
28	0.5454545454545454	0.21428571428571427
29	0.5454545454545454	0.20689655172413793
30	0.5454545454545454	0.2
