1	0.09090909090909091	1.0
2	0.09090909090909091	0.5
3	0.09090909090909091	0.3333333333333333
4	0.09090909090909091	0.25
5	0.09090909090909091	0.2
6	0.09090909090909091	0.16666666666666666
7	0.09090909090909091	0.14285714285714285
8	0.09090909090909091	0.125
9	0.09090909090909091	0.1111111111111111
10	0.09090909090909091	0.1
11	0.09090909090909091	0.09090909090909091
12	0.09090909090909091	0.08333333333333333
13	0.18181818181818182	0.15384615384615385
14	0.18181818181818182	0.14285714285714285
15	0.18181818181818182	0.13333333333333333
16	0.18181818181818182	0.125
17	0.18181818181818182	0.11764705882352941
18	0.18181818181818182	0.1111111111111111
19	0.18181818181818182	0.10526315789473684
20	0.18181818181818182	0.1
21	0.18181818181818182	0.09523809523809523
22	0.18181818181818182	0.09090909090909091
23	0.2727272727272727	0.13043478260869565
24	0.2727272727272727	0.125
25	0.2727272727272727	0.12
26	0.2727272727272727	0.11538461538461539
27	0.36363636363636365	0.14814814814814814
28	0.36363636363636365	0.14285714285714285
29	0.36363636363636365	0.13793103448275862
30	0.36363636363636365	0.13333333333333333
