1	0.07142857142857142	1.0
2	0.14285714285714285	1.0
3	0.14285714285714285	0.6666666666666666
4	0.14285714285714285	0.5
5	0.14285714285714285	0.4
6	0.14285714285714285	0.3333333333333333
7	0.14285714285714285	0.2857142857142857
8	0.14285714285714285	0.25
9	0.14285714285714285	0.2222222222222222
10	0.14285714285714285	0.2
11	0.14285714285714285	0.18181818181818182
12	0.14285714285714285	0.16666666666666666
13	0.14285714285714285	0.15384615384615385
14	0.14285714285714285	0.14285714285714285
15	0.14285714285714285	0.13333333333333333
16	0.14285714285714285	0.125
17	0.14285714285714285	0.11764705882352941
18	0.14285714285714285	0.1111111111111111
19	0.14285714285714285	0.10526315789473684
20	0.21428571428571427	0.15
21	0.21428571428571427	0.14285714285714285
22	0.21428571428571427	0.13636363636363635
23	0.2857142857142857	0.17391304347826086
24	0.2857142857142857	0.16666666666666666
25	0.35714285714285715	0.2
26	0.35714285714285715	0.19230769230769232
27	0.35714285714285715	0.18518518518518517
28	0.35714285714285715	0.17857142857142858
29	0.35714285714285715	0.1724137931034483
30	0.35714285714285715	0.16666666666666666
