1	0.125	1.0
2	0.25	1.0
3	0.25	0.6666666666666666
4	0.25	0.5
5	0.25	0.4
6	0.25	0.3333333333333333
7	0.25	0.2857142857142857
8	0.25	0.25
9	0.25	0.2222222222222222
10	0.25	0.2
11	0.25	0.18181818181818182
12	0.375	0.25
13	0.375	0.23076923076923078
14	0.375	0.21428571428571427
15	0.5	0.26666666666666666
16	0.5	0.25
17	0.5	0.23529411764705882
18	0.5	0.2222222222222222
19	0.5	0.21052631578947367
20	0.5	0.2
21	0.5	0.19047619047619047
22	0.5	0.18181818181818182
23	0.5	0.17391304347826086
24	0.5	0.16666666666666666
25	0.625	0.2
26	0.625	0.19230769230769232
27	0.625	0.18518518518518517
28	0.625	0.17857142857142858
29	0.625	0.1724137931034483
30	0.625	0.16666666666666666
