1	0.045454545454545456	1.0
2	0.045454545454545456	0.5
3	0.09090909090909091	0.6666666666666666
4	0.09090909090909091	0.5
5	0.09090909090909091	0.4
6	0.09090909090909091	0.3333333333333333
7	0.13636363636363635	0.42857142857142855
8	0.13636363636363635	0.375
9	0.13636363636363635	0.3333333333333333
10	0.18181818181818182	0.4
11	0.22727272727272727	0.45454545454545453
12	0.22727272727272727	0.4166666666666667
13	0.22727272727272727	0.38461538461538464
14	0.22727272727272727	0.35714285714285715
15	0.22727272727272727	0.3333333333333333
16	0.22727272727272727	0.3125
17	0.22727272727272727	0.29411764705882354
18	0.2727272727272727	0.3333333333333333
19	0.2727272727272727	0.3157894736842105
20	0.2727272727272727	0.3
21	0.2727272727272727	0.2857142857142857
22	0.3181818181818182	0.3181818181818182
23	0.3181818181818182	0.30434782608695654
24	0.3181818181818182	0.2916666666666667
25	0.3181818181818182	0.28
26	0.3181818181818182	0.2692307692307692
27	0.3181818181818182	0.25925925925925924
28	0.3181818181818182	0.25
29	0.3181818181818182	0.2413793103448276
30	0.3181818181818182	0.23333333333333334
