1	0.0	0.0
2	0.0	0.0
3	0.024390243902439025	0.3333333333333333
4	0.04878048780487805	0.5
5	0.04878048780487805	0.4
6	0.04878048780487805	0.3333333333333333
7	0.04878048780487805	0.2857142857142857
8	0.04878048780487805	0.25
9	0.04878048780487805	0.2222222222222222
10	0.04878048780487805	0.2
11	0.04878048780487805	0.18181818181818182
12	0.04878048780487805	0.16666666666666666
13	0.04878048780487805	0.15384615384615385
14	0.07317073170731707	0.21428571428571427
15	0.07317073170731707	0.2
16	0.0975609756097561	0.25
17	0.0975609756097561	0.23529411764705882
18	0.0975609756097561	0.2222222222222222
19	0.0975609756097561	0.21052631578947367
20	0.0975609756097561	0.2
21	0.12195121951219512	0.23809523809523808
22	0.12195121951219512	0.22727272727272727
23	0.12195121951219512	0.21739130434782608
24	0.12195121951219512	0.20833333333333334
25	0.12195121951219512	0.2
26	0.14634146341463414	0.23076923076923078
27	0.14634146341463414	0.2222222222222222
28	0.14634146341463414	0.21428571428571427
29	0.14634146341463414	0.20689655172413793
30	0.14634146341463414	0.2
