1	0.047619047619047616	1.0
2	0.09523809523809523	1.0
3	0.14285714285714285	1.0
4	0.14285714285714285	0.75
5	0.14285714285714285	0.6
6	0.14285714285714285	0.5
7	0.14285714285714285	0.42857142857142855
8	0.19047619047619047	0.5
9	0.19047619047619047	0.4444444444444444
10	0.23809523809523808	0.5
11	0.2857142857142857	0.5454545454545454
12	0.2857142857142857	0.5
13	0.2857142857142857	0.46153846153846156
14	0.2857142857142857	0.42857142857142855
15	0.3333333333333333	0.4666666666666667
16	0.38095238095238093	0.5
17	0.38095238095238093	0.47058823529411764
18	0.38095238095238093	0.4444444444444444
19	0.38095238095238093	0.42105263157894735
20	0.38095238095238093	0.4
21	0.38095238095238093	0.38095238095238093
22	0.38095238095238093	0.36363636363636365
23	0.38095238095238093	0.34782608695652173
24	0.42857142857142855	0.375
25	0.47619047619047616	0.4
26	0.47619047619047616	0.38461538461538464
27	0.47619047619047616	0.37037037037037035
28	0.47619047619047616	0.35714285714285715
29	0.5238095238095238	0.3793103448275862
30	0.5238095238095238	0.36666666666666664
