1	0.02631578947368421	1.0
2	0.02631578947368421	0.5
3	0.05263157894736842	0.6666666666666666
4	0.05263157894736842	0.5
5	0.05263157894736842	0.4
6	0.05263157894736842	0.3333333333333333
7	0.05263157894736842	0.2857142857142857
8	0.05263157894736842	0.25
9	0.07894736842105263	0.3333333333333333
10	0.10526315789473684	0.4
11	0.13157894736842105	0.45454545454545453
12	0.13157894736842105	0.4166666666666667
13	0.13157894736842105	0.38461538461538464
14	0.13157894736842105	0.35714285714285715
15	0.15789473684210525	0.4
16	0.15789473684210525	0.375
17	0.18421052631578946	0.4117647058823529
18	0.21052631578947367	0.4444444444444444
19	0.21052631578947367	0.42105263157894735
20	0.21052631578947367	0.4
21	0.23684210526315788	0.42857142857142855
22	0.23684210526315788	0.4090909090909091
23	0.23684210526315788	0.391304347826087
24	0.23684210526315788	0.375
25	0.23684210526315788	0.36
26	0.23684210526315788	0.34615384615384615
27	0.23684210526315788	0.3333333333333333
28	0.23684210526315788	0.32142857142857145
29	0.2631578947368421	0.3448275862068966
30	0.2631578947368421	0.3333333333333333
