1	0.0	0.0
2	0.0	0.0
3	0.0	0.0
4	0.0	0.0
5	0.0	0.0
6	0.1	0.16666666666666666
7	0.1	0.14285714285714285
8	0.1	0.125
9	0.2	0.2222222222222222
10	0.2	0.2
11	0.2	0.18181818181818182
12	0.3	0.25
13	0.4	0.3076923076923077
14	0.4	0.2857142857142857
15	0.4	0.26666666666666666
16	0.4	0.25
17	0.4	0.23529411764705882
18	0.4	0.2222222222222222
19	0.4	0.21052631578947367
20	0.4	0.2
21	0.4	0.19047619047619047
22	0.4	0.18181818181818182
23	0.5	0.21739130434782608
24	0.5	0.20833333333333334
25	0.5	0.2
26	0.5	0.19230769230769232
27	0.5	0.18518518518518517
28	0.6	0.21428571428571427
29	0.6	0.20689655172413793
30	0.6	0.2
