1	0.09090909090909091	1.0
2	0.09090909090909091	0.5
3	0.18181818181818182	0.6666666666666666
4	0.2727272727272727	0.75
5	0.36363636363636365	0.8
6	0.36363636363636365	0.6666666666666666
7	0.36363636363636365	0.5714285714285714
8	0.36363636363636365	0.5
9	0.36363636363636365	0.4444444444444444
10	0.36363636363636365	0.4
11	0.36363636363636365	0.36363636363636365
12	0.36363636363636365	0.3333333333333333
13	0.36363636363636365	0.3076923076923077
14	0.36363636363636365	0.2857142857142857
15	0.36363636363636365	0.26666666666666666
16	0.36363636363636365	0.25
17	0.36363636363636365	0.23529411764705882
18	0.36363636363636365	0.2222222222222222
19	0.36363636363636365	0.21052631578947367
20	0.36363636363636365	0.2
21	0.36363636363636365	0.19047619047619047
22	0.36363636363636365	0.18181818181818182
23	0.36363636363636365	0.17391304347826086
24	0.36363636363636365	0.16666666666666666
25	0.36363636363636365	0.16
26	0.36363636363636365	0.15384615384615385
27	0.36363636363636365	0.14814814814814814
28	0.36363636363636365	0.14285714285714285
29	0.36363636363636365	0.13793103448275862
30	0.36363636363636365	0.13333333333333333
