1	0.011764705882352941	1.0
2	0.023529411764705882	1.0
3	0.023529411764705882	0.6666666666666666
4	0.03529411764705882	0.75
5	0.047058823529411764	0.8
6	0.047058823529411764	0.6666666666666666
7	0.047058823529411764	0.5714285714285714
8	0.047058823529411764	0.5
9	0.047058823529411764	0.4444444444444444
10	0.058823529411764705	0.5
11	0.058823529411764705	0.45454545454545453
12	0.058823529411764705	0.4166666666666667
13	0.058823529411764705	0.38461538461538464
14	0.058823529411764705	0.35714285714285715
15	0.058823529411764705	0.3333333333333333
16	0.058823529411764705	0.3125
17	0.058823529411764705	0.29411764705882354
18	0.058823529411764705	0.2777777777777778
19	0.07058823529411765	0.3157894736842105
20	0.07058823529411765	0.3
21	0.08235294117647059	0.3333333333333333
22	0.09411764705882353	0.36363636363636365
23	0.10588235294117647	0.391304347826087
24	0.10588235294117647	0.375
25	0.11764705882352941	0.4
26	0.11764705882352941	0.38461538461538464
27	0.11764705882352941	0.37037037037037035
28	0.12941176470588237	0.39285714285714285
29	0.12941176470588237	0.3793103448275862
30	0.1411764705882353	0.4
