1	0.041666666666666664	1.0
2	0.041666666666666664	0.5
3	0.041666666666666664	0.3333333333333333
4	0.041666666666666664	0.25
5	0.041666666666666664	0.2
6	0.041666666666666664	0.16666666666666666
7	0.08333333333333333	0.2857142857142857
8	0.125	0.375
9	0.125	0.3333333333333333
10	0.125	0.3
11	0.16666666666666666	0.36363636363636365
12	0.16666666666666666	0.3333333333333333
13	0.20833333333333334	0.38461538461538464
14	0.20833333333333334	0.35714285714285715
15	0.20833333333333334	0.3333333333333333
16	0.25	0.375
17	0.25	0.35294117647058826
18	0.25	0.3333333333333333
19	0.25	0.3157894736842105
20	0.2916666666666667	0.35
21	0.3333333333333333	0.38095238095238093
22	0.3333333333333333	0.36363636363636365
23	0.3333333333333333	0.34782608695652173
24	0.3333333333333333	0.3333333333333333
25	0.3333333333333333	0.32
26	0.3333333333333333	0.3076923076923077
27	0.3333333333333333	0.2962962962962963
28	0.3333333333333333	0.2857142857142857
29	0.3333333333333333	0.27586206896551724
30	0.3333333333333333	0.26666666666666666
