1	0.019230769230769232	1.0
2	0.038461538461538464	1.0
3	0.057692307692307696	1.0
4	0.057692307692307696	0.75
5	0.057692307692307696	0.6
6	0.057692307692307696	0.5
7	0.057692307692307696	0.42857142857142855
8	0.057692307692307696	0.375
9	0.07692307692307693	0.4444444444444444
10	0.07692307692307693	0.4
11	0.09615384615384616	0.45454545454545453
12	0.09615384615384616	0.4166666666666667
13	0.09615384615384616	0.38461538461538464
14	0.09615384615384616	0.35714285714285715
15	0.11538461538461539	0.4
16	0.11538461538461539	0.375
17	0.11538461538461539	0.35294117647058826
18	0.11538461538461539	0.3333333333333333
19	0.11538461538461539	0.3157894736842105
20	0.1346153846153846	0.35
21	0.15384615384615385	0.38095238095238093
22	0.17307692307692307	0.4090909090909091
23	0.17307692307692307	0.391304347826087
24	0.17307692307692307	0.375
25	0.17307692307692307	0.36
26	0.17307692307692307	0.34615384615384615
27	0.17307692307692307	0.3333333333333333
28	0.17307692307692307	0.32142857142857145
29	0.17307692307692307	0.3103448275862069
30	0.19230769230769232	0.3333333333333333
