1	0.0	0.0
2	0.0	0.0
3	0.0	0.0
4	0.0	0.0
5	0.0	0.0
6	0.0	0.0
7	0.0	0.0
8	0.0	0.0
9	0.0	0.0
10	0.0	0.0
11	0.0	0.0
12	0.0	0.0
13	0.015384615384615385	0.07692307692307693
14	0.015384615384615385	0.07142857142857142
15	0.015384615384615385	0.06666666666666667
16	0.015384615384615385	0.0625
17	0.03076923076923077	0.11764705882352941
18	0.03076923076923077	0.1111111111111111
19	0.046153846153846156	0.15789473684210525
20	0.06153846153846154	0.2
21	0.06153846153846154	0.19047619047619047
22	0.06153846153846154	0.18181818181818182
23	0.06153846153846154	0.17391304347826086
24	0.06153846153846154	0.16666666666666666
25	0.07692307692307693	0.2
26	0.09230769230769231	0.23076923076923078
27	0.1076923076923077	0.25925925925925924
28	0.1076923076923077	0.25
29	0.1076923076923077	0.2413793103448276
30	0.1076923076923077	0.23333333333333334
