1	0.0	0.0
2	0.0	0.0
3	0.0	0.0
4	0.0	0.0
5	0.0	0.0
6	0.0	0.0
7	0.0	0.0
8	0.14285714285714285	0.125
9	0.14285714285714285	0.1111111111111111
10	0.2857142857142857	0.2
11	0.2857142857142857	0.18181818181818182
12	0.2857142857142857	0.16666666666666666
13	0.2857142857142857	0.15384615384615385
14	0.2857142857142857	0.14285714285714285
15	0.2857142857142857	0.13333333333333333
16	0.2857142857142857	0.125
17	0.2857142857142857	0.11764705882352941
18	0.42857142857142855	0.16666666666666666
19	0.42857142857142855	0.15789473684210525
20	0.5714285714285714	0.2
21	0.5714285714285714	0.19047619047619047
22	0.5714285714285714	0.18181818181818182
23	0.5714285714285714	0.17391304347826086
24	0.5714285714285714	0.16666666666666666
25	0.5714285714285714	0.16
26	0.5714285714285714	0.15384615384615385
27	0.5714285714285714	0.14814814814814814
28	0.5714285714285714	0.14285714285714285
29	0.5714285714285714	0.13793103448275862
30	0.5714285714285714	0.13333333333333333
