1	0.06666666666666667	1.0
2	0.06666666666666667	0.5
3	0.06666666666666667	0.3333333333333333
4	0.06666666666666667	0.25
5	0.06666666666666667	0.2
6	0.06666666666666667	0.16666666666666666
7	0.06666666666666667	0.14285714285714285
8	0.06666666666666667	0.125
9	0.06666666666666667	0.1111111111111111
10	0.06666666666666667	0.1
11	0.13333333333333333	0.18181818181818182
12	0.13333333333333333	0.16666666666666666
13	0.13333333333333333	0.15384615384615385
14	0.13333333333333333	0.14285714285714285
15	0.2	0.2
16	0.26666666666666666	0.25
17	0.26666666666666666	0.23529411764705882
18	0.26666666666666666	0.2222222222222222
19	0.3333333333333333	0.2631578947368421
20	0.3333333333333333	0.25
21	0.3333333333333333	0.23809523809523808
22	0.4	0.2727272727272727
23	0.4666666666666667	0.30434782608695654
24	0.5333333333333333	0.3333333333333333
25	0.5333333333333333	0.32
26	0.5333333333333333	0.3076923076923077
27	0.5333333333333333	0.2962962962962963
28	0.5333333333333333	0.2857142857142857
29	0.5333333333333333	0.27586206896551724
30	0.5333333333333333	0.26666666666666666
