1	0.0625	1.0
2	0.0625	0.5
3	0.0625	0.3333333333333333
4	0.0625	0.25
5	0.0625	0.2
6	0.0625	0.16666666666666666
7	0.0625	0.14285714285714285
8	0.125	0.25
9	0.1875	0.3333333333333333
10	0.1875	0.3
11	0.25	0.36363636363636365
12	0.25	0.3333333333333333
13	0.25	0.3076923076923077
14	0.25	0.2857142857142857
15	0.25	0.26666666666666666
16	0.3125	0.3125
17	0.3125	0.29411764705882354
18	0.3125	0.2777777777777778
19	0.3125	0.2631578947368421
20	0.3125	0.25
21	0.3125	0.23809523809523808
22	0.3125	0.22727272727272727
23	0.3125	0.21739130434782608
24	0.3125	0.20833333333333334
25	0.3125	0.2
26	0.3125	0.19230769230769232
27	0.3125	0.18518518518518517
28	0.3125	0.17857142857142858
29	0.3125	0.1724137931034483
30	0.3125	0.16666666666666666
