1	0.0	0.0
2	0.0	0.0
3	0.0	0.0
4	0.0	0.0
5	0.0	0.0
6	0.0	0.0
7	0.0	0.0
8	0.0	0.0
9	0.0	0.0
10	0.0	0.0
11	0.0	0.0
12	0.0	0.0
13	0.0	0.0
14	0.014492753623188406	0.07142857142857142
15	0.014492753623188406	0.06666666666666667
16	0.014492753623188406	0.0625
17	0.028985507246376812	0.11764705882352941
18	0.028985507246376812	0.1111111111111111
19	0.028985507246376812	0.10526315789473684
20	0.028985507246376812	0.1
21	0.043478260869565216	0.14285714285714285
22	0.043478260869565216	0.13636363636363635
23	0.057971014492753624	0.17391304347826086
24	0.07246376811594203	0.20833333333333334
25	0.07246376811594203	0.2
26	0.08695652173913043	0.23076923076923078
27	0.08695652173913043	0.2222222222222222
28	0.10144927536231885	0.25
29	0.11594202898550725	0.27586206896551724
30	0.11594202898550725	0.26666666666666666
