1	0.041666666666666664	1.0
2	0.041666666666666664	0.5
3	0.041666666666666664	0.3333333333333333
4	0.041666666666666664	0.25
5	0.08333333333333333	0.4
6	0.08333333333333333	0.3333333333333333
7	0.08333333333333333	0.2857142857142857
8	0.08333333333333333	0.25
9	0.08333333333333333	0.2222222222222222
10	0.08333333333333333	0.2
11	0.125	0.2727272727272727
12	0.125	0.25
13	0.125	0.23076923076923078
14	0.16666666666666666	0.2857142857142857
15	0.16666666666666666	0.26666666666666666
16	0.16666666666666666	0.25
17	0.16666666666666666	0.23529411764705882
18	0.20833333333333334	0.2777777777777778
19	0.25	0.3157894736842105
20	0.25	0.3
21	0.2916666666666667	0.3333333333333333
22	0.2916666666666667	0.3181818181818182
23	0.2916666666666667	0.30434782608695654
24	0.2916666666666667	0.2916666666666667
25	0.2916666666666667	0.28
26	0.2916666666666667	0.2692307692307692
27	0.2916666666666667	0.25925925925925924
28	0.2916666666666667	0.25
29	0.2916666666666667	0.2413793103448276
30	0.3333333333333333	0.26666666666666666
