1	0.043478260869565216	1.0
2	0.043478260869565216	0.5
3	0.08695652173913043	0.6666666666666666
4	0.08695652173913043	0.5
5	0.08695652173913043	0.4
6	0.08695652173913043	0.3333333333333333
7	0.08695652173913043	0.2857142857142857
8	0.08695652173913043	0.25
9	0.08695652173913043	0.2222222222222222
10	0.08695652173913043	0.2
11	0.08695652173913043	0.18181818181818182
12	0.08695652173913043	0.16666666666666666
13	0.08695652173913043	0.15384615384615385
14	0.08695652173913043	0.14285714285714285
15	0.08695652173913043	0.13333333333333333
