1	0.047619047619047616	1.0
2	0.09523809523809523	1.0
3	0.09523809523809523	0.6666666666666666
4	0.14285714285714285	0.75
5	0.19047619047619047	0.8
6	0.23809523809523808	0.8333333333333334
7	0.2857142857142857	0.8571428571428571
8	0.2857142857142857	0.75
9	0.2857142857142857	0.6666666666666666
10	0.3333333333333333	0.7
11	0.38095238095238093	0.7272727272727273
12	0.42857142857142855	0.75
13	0.42857142857142855	0.6923076923076923
14	0.47619047619047616	0.7142857142857143
15	0.47619047619047616	0.6666666666666666
