1	0.022727272727272728	1.0
2	0.045454545454545456	1.0
3	0.045454545454545456	0.6666666666666666
4	0.06818181818181818	0.75
5	0.09090909090909091	0.8
6	0.09090909090909091	0.6666666666666666
7	0.11363636363636363	0.7142857142857143
8	0.11363636363636363	0.625
9	0.13636363636363635	0.6666666666666666
10	0.1590909090909091	0.7
11	0.1590909090909091	0.6363636363636364
12	0.1590909090909091	0.5833333333333334
13	0.1590909090909091	0.5384615384615384
14	0.1590909090909091	0.5
15	0.1590909090909091	0.4666666666666667
