1	0.07692307692307693	1.0
2	0.07692307692307693	0.5
3	0.07692307692307693	0.3333333333333333
4	0.07692307692307693	0.25
5	0.07692307692307693	0.2
6	0.07692307692307693	0.16666666666666666
7	0.15384615384615385	0.2857142857142857
8	0.15384615384615385	0.25
9	0.23076923076923078	0.3333333333333333
10	0.23076923076923078	0.3
11	0.23076923076923078	0.2727272727272727
12	0.23076923076923078	0.25
13	0.23076923076923078	0.23076923076923078
14	0.23076923076923078	0.21428571428571427
15	0.23076923076923078	0.2
