1	0.027777777777777776	1.0
2	0.027777777777777776	0.5
3	0.027777777777777776	0.3333333333333333
4	0.027777777777777776	0.25
5	0.027777777777777776	0.2
6	0.027777777777777776	0.16666666666666666
7	0.027777777777777776	0.14285714285714285
8	0.027777777777777776	0.125
9	0.027777777777777776	0.1111111111111111
10	0.027777777777777776	0.1
11	0.027777777777777776	0.09090909090909091
12	0.027777777777777776	0.08333333333333333
13	0.027777777777777776	0.07692307692307693
14	0.05555555555555555	0.14285714285714285
15	0.05555555555555555	0.13333333333333333
