1	0.047619047619047616	1.0
2	0.047619047619047616	0.5
3	0.047619047619047616	0.3333333333333333
4	0.09523809523809523	0.5
5	0.14285714285714285	0.6
6	0.19047619047619047	0.6666666666666666
7	0.19047619047619047	0.5714285714285714
8	0.23809523809523808	0.625
9	0.23809523809523808	0.5555555555555556
10	0.23809523809523808	0.5
11	0.23809523809523808	0.45454545454545453
12	0.2857142857142857	0.5
13	0.3333333333333333	0.5384615384615384
14	0.3333333333333333	0.5
15	0.3333333333333333	0.4666666666666667
